-0.00366727
-0.00590615
-0.00624025
-0.0047475
-0.00237163
-0.000553041
-0.000351253
-0.00160208
-0.00319127
-0.00429478
-0.0042934
-0.00323296
-0.00189492
-0.00125283
-0.00136011
-0.00183746
-0.00225095
-0.00196352
-0.000403229
0.00257595
0.006018
0.00836452
0.00871008
7.09E-03
0.00436022
0.00146969
-0.000453895
-0.000710445
-1.14E-05
0.000769276
0.00112364
0.00072242
-0.00020334
-0.00113766
-0.00137549
-5.58E-04
0.00103807
0.00265847
0.00334171
0.00249177
7.60E-05
-0.00290761
-0.00526427
-0.00589007
-0.00448907
-0.00164108
0.0012101
0.00277333
0.00243995
0.000789855
-0.00133926
-0.00295347
-0.00330934
-2.35E-03
-0.000815607
0.000311533
0.000646855
0.000420344
-7.15E-05
-0.000359213
-0.000123659
0.00116403
0.00286744
0.00376718
0.00304303
0.000876756
-0.00199769
-0.00417214
-0.00473507
-0.00349764
-0.0012805
0.00113017
0.00274568
0.00289145
0.00158154
-0.00034254
-0.00158495
-0.00124278
0.000472935
0.0025136
0.00376989
0.00354357
0.00176569
-0.000606449
-0.00256028
-0.00304937
-0.00165178
0.00121429
0.00437674
0.00602017
0.00481112
0.00109211
-0.0036479
-0.00736605
-0.00867232
-0.00753358
-0.00473655
-0.00177366
0.00026726
0.000979522
0.000539169
0.000150957
0.00108511
0.00367854
0.00710396
0.00946147
0.00944945
0.00648334
0.00103988
-0.00535891
-0.0105173
-0.0123868
-0.0103626
-0.00534715
0.000666102
0.00544373
0.00751013
0.00669292
0.00404106
0.0010007
-0.00109899
-0.00169388
-0.00148478
-0.00121904
-0.00161482
-0.00276671
-0.00384449
-0.00392268
-0.00224294
0.000872637
0.00436896
0.00664365
0.00650143
0.00347579
-0.00129683
-0.0056991
-0.00781808
-0.00651164
-0.00201816
0.0038868
0.00898285
0.0111092
0.0091471
0.00391234
-0.00267311
-0.00756683
-0.00899825
-0.00668901
-0.0018741
0.0031518
0.00615533
6.33E-03
0.00410406
0.000890754
-0.00152592
-0.00176587
2.35E-05
0.00243836
0.00376673
0.00305016
0.000302299
-0.00327538
-0.00602724
-0.00689598
-0.00575175
-0.00310875
-0.000345244
0.00101413
0.000437432
-0.00154011
-0.00340317
-0.00359908
-0.00173239
0.00125508
0.00396202
0.00505641
3.87E-03
0.000957406
-0.0021852
-0.00390215
-0.00300847
-2.20E-05
0.00364922
0.00587488
0.00565492
0.0027372
-0.00139844
-0.00519091
-0.00704483
-0.00592691
-0.00228056
0.0020905
0.0050056
0.00506077
2.51E-03
-0.000987972
-0.00372729
-0.00464397
-0.00325434
7.88E-05
0.0037017
0.00604755
0.00630086
0.00440458
0.0012758
-0.00164113
-0.00343052
-0.0036723
-0.00247291
-0.00109282
-0.000281103
-0.000315416
-0.000503622
-0.000685443
-0.000947228
-0.00118792
-0.00120147
-0.00101474
-0.00084441
-0.00100711
-0.00132247
-0.00153775
-0.00113414
-0.000429916
0.00046792
0.00151743
0.00235368
0.00279249
3.23E-03
0.00370976
0.00386762
0.00340619
0.00204186
3.36E-05
-0.00204592
-0.00365121
-0.00424012
-0.00341901
-0.00124471
0.00149047
0.0034574
0.0039241
0.00264046
0.000107011
-0.00257569
-0.00451181
-0.00475983
-0.00308178
-0.000589737
0.00172409
0.00285998
0.00233333
0.000757108
-0.000958917
-0.00185783
-0.00163835
-0.000287561
0.001388
0.00229029
0.00200427
0.00064625
-0.00107314
-0.00215399
-0.00192488
-0.000316918
0.00178397
0.00284798
0.00203203
-0.000552184
-0.00385579
-0.00638099
-0.00712837
-0.00534187
-0.00132737
0.00374071
0.00815497
0.0102374
0.00914945
0.00603572
0.00229004
-0.000926786
-0.00298445
-0.00345134
-0.00265477
-0.00121925
3.54E-04
0.00168621
0.00241779
0.0025194
0.00174123
-1.45E-06
-0.002201
-0.00417419
-0.00532168
-0.00528062
-0.0038197
-0.00121295
0.00169828
0.00379839
0.00383688
0.00146047
-0.00243727
-0.00601145
-0.00775243
-0.00684352
-0.00360354
0.000795635
0.00491906
0.00741246
0.00747075
0.0050858
0.00153562
-0.00126963
-0.00211862
-0.00113317
0.000845049
0.00289181
0.00367738
0.00246507
-0.000533542
-0.00386481
-0.00602132
-0.00571787
-0.00327712
0.000369879
0.0037857
0.0055409
0.00514394
0.00296403
0.000297609
-0.00208228
-0.00310409
-0.00246273
-0.000630865
0.00136484
0.00238599
0.0019562
0.000305586
-0.00182585
-0.00359254
-0.00429532
-0.00377486
-2.36E-03
-0.000582981
0.000969698
0.00170416
0.00126521
3.17E-05
-0.00154611
-0.00259104
-0.00261982
-0.00168591
-7.40E-05
0.0016758
0.00265683
0.00271123
0.00205645
0.00120061
0.000648631
0.000840666
0.00159918
0.00261814
0.00315975
0.00275319
0.00120466
-0.00127157
-0.00354522
-0.00440957
-0.00350063
-0.000790338
0.00284165
0.00575493
0.00656723
0.00464831
0.000616385
-0.00370007
-0.0067267
-0.00747847
-0.00601916
-0.00310687
-0.0003517
0.000870553
0.000105128
-0.00188785
-0.00350253
-0.00322934
-0.000523179
0.00394731
0.00875289
0.0117263
0.0113778
0.00763267
0.00177279
-0.00412181
-0.00815118
-0.00913201
-0.00722117
-0.0032529
0.0010035
0.00379329
0.00438114
3.20E-03
0.00123976
-0.000380508
-0.000914812
-6.49E-04
-5.76E-05
4.88E-04
0.000563079
0.000245318
-9.20E-05
-0.000161787
-7.96E-05
-0.00014561
-0.000872757
-0.00215588
-0.00348209
-0.00374397
-0.00225579
8.42E-04
0.0045759
0.00730554
0.00778543
0.00532448
7.08E-05
-0.0064805
-0.0118058
-0.0138738
-0.0121882
-0.00733733
-0.00130208
0.00372469
0.00631954
0.0061963
0.0041634
0.00182489
0.000525783
0.000933109
0.00286481
0.00520597
0.00650239
0.00566531
0.00308503
-0.000322073
-0.0029806
-0.00373128
-0.00266388
-0.000628321
0.00132606
0.00247843
0.00232191
0.000964642
-0.00083236
-0.00191699
-0.00204419
-0.00181939
-0.00173564
-0.00183436
-0.00227492
-0.00299684
-0.00336095
-0.00271685
-0.000842229
0.00169976
0.00406922
0.00561758
0.00599589
0.00503419
0.003312
0.00164903
0.000490029
-0.000246838
-0.00103214
-0.00234183
-0.004129
-0.00605739
-0.00704972
-0.00650934
-0.004556
-0.00175456
0.0009535
0.0027967
0.00350916
0.00282054
0.0014486
0.000554384
0.000771341
0.00188492
0.0032006
0.00392039
0.00365366
0.00253394
0.001085
0.000319123
0.00039043
0.000987806
0.00144651
0.00100056
-0.000975868
-0.00437643
-0.00821873
-0.0105795
-0.00982512
-0.0057921
0.000120015
0.00594351
0.00961921
0.0100491
0.00732172
0.00255712
-0.00218689
-0.0050972
-0.00524749
-0.00300026
0.00019238
0.00273498
0.00346049
0.00208031
-0.000564797
-0.00324676
-0.00463753
-0.00393898
-0.00155038
0.00130863
0.00343226
0.00418808
0.00328154
0.000927101
-0.00174983
-0.00363124
-0.00402881
-0.00281153
-0.000490421
0.00205394
0.00387917
0.00444151
0.00365159
0.00215511
0.000522299
-0.000740768
-0.00102872
-0.000444432
0.000573401
0.00134979
0.00139452
0.000652289
-0.00082276
-0.002475
-0.00372345
-0.00391757
-0.00289824
-0.00109047
0.000840666
0.00217016
0.00258891
0.00206739
7.36E-04
-0.000665231
-1.40E-03
-0.00123763
-0.000587519
-3.55E-05
1.35E-04
-4.90E-05
-0.000625507
-0.00101773
-0.000768953
-5.39E-05
0.0008136
0.00134055
0.00135877
0.00105559
0.000398487
-0.000678766
-0.00193915
-0.0029811
-0.00365732
-0.00410001
-0.00420334
-0.00383694
-0.00272096
-0.000671087
0.00213447
0.00502792
0.00754554
0.00876025
0.00815897
0.00569315
0.00202437
-0.00170465
-0.00411228
-0.00418364
-0.00213886
0.000969603
0.00349192
0.00417909
0.00270719
-0.000469383
-0.00413267
-0.00645392
-0.00645954
-0.00393958
0.000114925
0.00391612
0.00621629
0.00574033
0.0025564
-0.00193372
-0.00588968
-0.00791694
-0.00760241
-0.00501065
-0.000926127
0.00307306
0.00568508
0.00630033
0.00521899
0.00308257
0.000487812
-1.98E-03
-0.003823
-0.00444765
-0.00361466
-0.00185873
-4.32E-05
0.0012986
0.00176734
0.00147118
0.000771438
-1.75E-06
-0.000475729
-0.000116381
0.00121882
0.00308928
0.00468582
0.00500488
0.00343759
0.000349384
-0.00314334
-0.00549084
-0.0058361
-3.94E-03
-0.000639605
0.00228915
0.00340923
0.00265993
9.61E-05
-0.00332076
-0.00583247
-0.00622818
-0.00419992
-0.000660311
0.00276068
0.00458993
4.34E-03
0.00260631
0.000607424
-0.000734631
-0.000972161
-8.91E-05
0.00132176
0.00249941
0.00296749
0.0024726
0.00154907
0.000962427
0.00084512
0.000799684
0.000382959
-0.000716663
-0.00223216
-0.00363498
-0.00402122
-0.00267141
0.000187999
0.00350228
0.00581628
0.00590142
0.00326096
-1.42E-03
-0.00632815
-0.00907503
-0.00856784
-0.0050264
-2.80E-05
0.00439876
0.00658234
0.00587045
0.00292387
-0.000808084
-0.00330488
-0.00328877
-0.00126164
0.00151321
0.00340176
0.00317582
0.000642371
-0.00299411
-0.00632201
-0.00756698
-0.00627284
-0.00305218
0.000612193
0.00320782
0.00388721
0.00287992
0.00103737
-0.000470537
-0.000781695
0.000563121
0.00293175
0.00490163
0.00530778
0.00382888
0.00113407
-0.00156305
-0.00339358
-0.0038091
-0.0028892
-0.00121544
0.000658359
0.00249244
0.0038587
0.00421785
0.00347669
0.00226525
0.00107325
-0.000323059
-0.00202345
-0.00366601
-0.00466701
-0.00432449
-0.00265469
-0.000171282
0.00206941
0.0034565
0.00343021
0.00196789
-0.000326894
-0.00246958
-0.00358615
-0.00333439
-0.00194516
-0.00025775
0.0012142
0.00196664
0.00183851
0.00114763
0.00039791
-0.000106255
-0.000508539
-0.0010637
-0.00172731
-0.00224746
-0.00232535
-0.00165307
-0.000375451
0.00127508
0.00262218
0.00306981
0.00258748
0.00118844
-0.000487445
-0.00128065
-3.39E-04
0.00191406
0.00397784
0.0046334
0.00312914
-7.63E-05
-0.00326691
-0.00501178
-0.00442242
-0.00185908
0.00160406
0.00414793
0.00383667
0.000336837
-0.00482423
-0.00895635
-0.00982387
-0.00661284
-0.000126562
0.00733102
0.0124114
0.0125975
0.00737322
-0.00108311
-0.0089724
-0.0125431
-0.010438
-0.00386394
0.00409593
0.00991674
0.0109066
0.00667896
-0.000611739
-0.00757639
-0.0112088
-0.00981632
-0.0040614
0.00310547
0.00876412
0.0108551
0.00885638
0.00421633
-0.000821512
-0.00432001
-0.00544632
-0.0046368
-0.00307009
-0.00188083
-0.00131447
-0.000749851
0.000409006
0.00263485
0.00561866
0.00806083
0.00846447
0.00572273
0.000360849
-0.00588434
-0.0108169
-0.0123328
-0.0095473
-0.0036082
0.00287099
0.00690892
0.006565
0.0026448
-0.00241822
-0.00585667
-0.00602591
-0.00290075
0.00215473
0.00700891
0.0094624
0.00818959
0.00388477
-0.00157594
-0.00590826
-0.00725308
-0.00526067
-0.00140319
0.00224045
0.00408884
0.00374138
0.00189279
-0.00042603
-0.00198941
-0.00208917
-0.000642574
0.00153322
0.00331368
0.00413025
0.00389681
0.00288742
0.00129133
-0.00065655
-0.00282171
-0.00457082
-0.0054396
-0.00500948
-0.00292706
0.000386657
0.00391385
0.00651804
0.00685153
0.00425627
-0.000901891
-0.00703715
-0.0119194
-0.0133494
-0.0106443
-0.00471223
0.00220872
0.00761795
0.00999423
0.00902402
0.00568113
0.0021477
0.000201317
0.000372649
0.00176968
0.00276485
0.00217045
-0.00021693
-0.00362182
-0.00638018
-0.00709855
-0.00521922
-0.00161448
0.00220534
0.00431356
0.00359111
0.000316452
-0.00366279
-0.00635925
-0.00633811
-0.00331945
0.00141313
0.00615207
0.00897502
0.00882279
0.00605182
0.00231637
-0.000625163
-0.00201731
-0.00218878
-0.00203641
-0.00226388
-0.00286134
-0.00331952
-0.00305365
-0.00156085
0.00134803
0.00470115
0.00709081
0.00729127
0.00494502
0.000940436
-0.00315574
-0.0056597
-0.00552653
-0.00307449
0.000129855
0.00228072
0.00235665
0.000712151
-0.00149652
-0.00292451
-0.00263789
-0.000494946
0.00253726
0.00467789
0.00443266
0.00163705
-0.00239393
-0.00571859
-0.00666629
-0.00441133
0.000213711
0.00526871
0.0081884
0.00731523
0.00294105
-0.00288955
-0.00776028
-0.00954317
-0.00763851
-0.00333899
0.00104226
0.00338575
0.0029217
0.000242746
-0.00280391
-0.00419339
-0.00271468
0.00151832
0.00663687
0.0101011
0.0100762
0.00644704
0.000567217
-0.00533253
-0.00894126
-0.0090626
-0.00580439
-0.000946834
0.00331242
0.00558656
0.00547581
0.00340595
0.000787009
-0.00100959
-0.00111825
0.000231171
0.00182788
0.00263044
0.00237382
0.00119265
-0.00044638
-1.93E-03
-0.00287089
-0.00309229
-0.00254021
-0.0014081
6.79E-05
0.00176914
0.00361838
0.00535951
0.00644546
0.00602896
0.00342197
-0.00135912
-0.00679184
-0.0108758
-0.0118867
-0.00922571
-0.00355493
0.00328131
0.00876806
0.0107073
0.00858397
0.00356747
-0.00214831
-0.00614283
-0.00693155
-4.66E-03
-0.000968385
0.00222435
0.00343407
0.00237356
-1.58E-05
-0.00213019
-0.00255369
-0.000703097
0.00229725
0.00478168
0.0050662
0.00260221
-0.00148462
-0.00539896
-0.00729212
-0.00600832
-0.0019327
0.0034016
0.00766404
0.00921601
0.00761597
0.00353228
-0.00154881
-0.00618124
-0.00890683
-0.00861522
-0.00522405
0.000110086
0.00551173
0.00929189
0.0105119
0.00898539
0.00528262
0.000292257
-0.00493474
-0.00895156
-0.0103854
-0.00892005
-0.0052417
-0.000700752
0.0033987
0.0061735
0.00733894
0.00698697
0.00558437
0.00370993
0.00221326
0.00158591
0.00167354
0.00209493
0.00215054
0.00134345
-0.000281267
-0.00225791
-0.00386327
-0.00435679
-0.00351598
-0.00191734
-0.000504335
0.00019571
-0.000295552
-0.00187479
-0.00377679
-0.00474419
-0.00385072
-0.000981215
0.00308016
0.00707024
0.00922258
0.00838075
0.00510358
0.000548043
-0.00354731
-0.00591131
-0.00599558
-0.00388066
-0.000726676
0.00240679
0.00438284
0.00469422
0.00349565
1.15E-03
-0.00114705
-0.00241046
-0.00227711
-0.00116514
9.54E-05
0.000605935
0.000426628
0.000191418
0.000630582
0.00203694
0.00412552
0.00598468
0.00666302
0.00554094
0.00260901
-0.00115023
-0.00437562
-0.00580287
-0.0045803
-0.00114175
0.0028374
0.00556256
0.00584106
0.00401419
0.00128038
-0.00110246
-0.0017805
-0.000395699
0.00222439
0.00439226
0.00490924
0.00335883
0.000180188
-0.0031273
-0.00490602
-0.00434152
-0.00187333
0.000949254
0.00262672
0.00217958
-0.000312346
-0.00343295
-0.00546775
-0.00510186
-0.00217734
0.00233387
0.00622026
0.00751571
0.00543415
0.00048498
-0.00478849
-0.00786685
-0.0074586
-0.00387655
0.00144186
0.0062999
0.00861895
0.00758139
0.00381919
-0.000558655
-0.00335384
-0.0032562
-0.000594409
0.0033626
0.00701838
0.00907226
0.00882062
0.00685508
0.00458484
0.00298753
0.00255019
0.00282457
0.0029507
0.00222654
0.000836336
-0.000586057
-0.00124168
-0.000769336
0.000891215
0.00302956
0.00406092
0.00298848
0.000196277
-0.00296467
-0.00494703
-0.0047489
-0.00242584
0.000858556
0.00329849
0.00333384
0.000575503
-0.00400726
-0.00841872
-0.0106278
-9.52E-03
-0.00548172
-0.000448281
0.00318071
0.00343914
2.14E-05
-5.29E-03
-0.00997451
-0.0118791
-0.0100846
-5.49E-03
-3.93E-05
0.00413768
0.00543629
0.00358619
-8.85E-05
-0.00321708
-0.0039971
-0.00183585
0.00208199
0.00581154
0.00753827
0.00668144
0.0039554
0.000822161
-0.00106061
-0.00101087
0.000900151
0.00335758
0.00480581
0.00435604
0.00251515
0.000807403
0.000746754
0.00274963
0.00632894
0.00990108
0.011685
0.0105975
0.00666545
0.00132884
-0.00329396
-0.00543961
-0.00454812
-0.00185166
0.000862634
0.00201101
0.000710833
-0.00246219
-0.00569963
-0.00689002
-0.00535579
-0.00173187
0.0022987
0.00492854
0.00471245
0.00111476
-0.00441664
-0.00951189
-0.0119556
-0.0109289
-0.00696354
-0.00213597
0.00147855
0.00222189
-0.000104282
-0.00421622
-0.00832958
-0.0109326
-0.0109236
-0.00794342
-0.00316326
0.00155624
0.00464338
0.00538005
0.00389277
0.000771252
-0.00282672
-0.00554926
-0.00638283
-0.00535322
-0.0028982
3.39E-04
0.00369255
0.00598269
0.00623618
0.00406271
5.34E-05
-0.00462557
-0.00830329
-0.00975666
-0.00880966
-0.00593697
-0.00211749
0.00116014
0.00279469
0.00236196
0.000276569
-0.00223263
-0.0037451
-0.0032134
-0.000688769
0.00221053
0.00402051
0.00393919
0.00202804
-0.000884244
-0.00310204
-0.00367663
-0.00226047
0.00042484
0.0032599
0.00497559
0.00497553
0.0032609
0.000604725
-0.00190767
-0.0032653
-0.00304723
-0.00203098
-0.00139035
-0.00157113
-0.00260173
-0.0044408
-0.00673858
-0.00870574
-0.00968862
-0.00949359
-0.00813716
-0.00635863
-0.00491381
-0.00390125
-0.00311926
-0.00248285
-0.0019046
-0.0012919
-0.000789385
-0.00073383
-0.00109447
-0.00148574
-0.00147177
-0.000803741
0.000712164
0.00260166
0.00431196
0.00533023
0.00536937
0.00439703
0.00294357
0.00181995
1.41E-03
0.00137938
1.26E-03
0.000981443
0.000485965
3.92E-06
-0.000240836
-4.40E-05
0.000437092
0.000685225
0.000333974
-0.00127414
-0.00438697
-0.00836599
-0.0118701
-0.0138141
-0.0137634
-0.0119611
-0.00961352
-0.00793833
-0.00759079
-0.00869305
-0.0106303
-0.01192
-0.0114297
-0.00834579
-0.00286255
0.0036354
0.00936044
0.0130728
0.0142091
0.0128068
0.00968947
0.0064469
0.00462196
0.00491773
0.00687196
0.00930927
1.11E-02
0.0114035
0.00986715
0.00701178
0.00339776
-3.13E-05
-0.00269182
-0.00433414
-0.00506301
-0.00538412
-0.00591027
-0.00715904
-0.00895733
-0.0106826
-0.0117742
-0.0115503
-0.0100067
-0.00736867
-0.0041198
-0.000932097
0.00166304
0.00345519
0.00454028
0.00505588
0.00502605
0.00439021
0.00314374
0.0014094
-0.000316982
-0.00132244
-0.00134331
-0.000132918
0.00188606
0.00391066
0.00516014
0.00510953
0.00372905
0.00146149
-0.000890138
-0.00247215
-0.00302159
-0.00283406
-0.0024438
-0.00259389
-0.00368773
-0.00556897
-0.00757769
-0.00869968
-0.00818507
-0.00589504
-2.49E-03
0.000897816
0.00322415
0.00371917
0.00236193
-7.39E-05
-0.00241599
-0.00364683
-0.00333
-0.00200582
-0.000100747
0.00178264
0.00309748
0.00382865
0.00428176
0.00515806
0.00653002
0.00794797
0.00851532
0.0073546
0.00448013
0.000513124
-0.00341576
-0.00594031
-0.00615373
-0.00394725
-0.000260636
0.00366754
0.00669703
0.008049
0.00750574
0.00543234
0.0027527
0.000517355
-0.000980951
-0.002108
-0.00318808
-0.0046173
-0.00636442
-0.00782248
-0.00807038
-0.00652024
-0.00309246
0.00135059
0.00542099
0.00805189
0.00850075
0.00704175
0.004926
0.00348545
0.00306764
0.00332128
0.00328826
0.00217097
-0.000428357
-0.00445904
-0.00909978
-0.0126597
-0.0134225
-0.010355
-0.0041061
0.00354146
0.0103142
0.0143581
0.0148267
0.0121532
0.00758995
0.00278085
-0.000933414
-0.00278704
-0.00282024
-0.00245836
-0.00220024
-0.00246019
-0.00330058
-0.0044368
-0.00520877
-0.00530796
-0.00437922
-0.00198884
0.00196634
0.0070399
0.012276
0.016402
0.0181392
0.0166175
0.0118169
0.00466974
-0.00298794
-0.00888621
-0.0113271
-0.00974284
-0.00548914
-0.000988172
0.0014195
0.000595826
-0.00292149
-0.00709489
-0.00918712
-0.00762711
-0.00259163
0.00389954
0.00878158
0.00950971
0.00539804
-0.00208341
-0.00961531
-0.0138479
-0.0124231
-0.00576356
0.00360066
0.0118487
0.015827
0.014546
0.00981213
0.00458359
0.00139452
0.00138972
0.00395616
0.00666388
0.00665504
0.0025605
-0.00491139
-0.0133753
-0.0196588
-0.0210753
-0.0167923
-0.00837107
0.000956742
0.00740816
0.00905874
0.00639868
0.0017766
-0.0020746
-0.00274716
0.00057505
0.00656188
0.0128986
0.0170162
0.0173312
0.0138738
0.00860377
0.00417524
0.00230235
0.00329983
0.00575405
0.00731268
0.00646024
0.002731
-0.002778
-0.00817069
-0.0112132
-0.0104168
-0.00595145
0.000220383
0.00597208
0.00940833
0.00949979
0.00656353
0.00204032
-0.00211355
-0.00450421
-0.00497729
-0.00425988
-0.0031328
-0.00181828
-0.000122919
0.00232689
0.0054643
0.00881192
0.0114193
0.0122691
0.0104677
0.00591343
-0.000241699
-0.0064487
-0.0109168
-0.0125831
-0.0115189
-0.00845659
-0.00505078
-0.00264248
-0.00151354
-0.000969706
0.000186375
0.00245489
0.00529056
0.00763369
0.00817176
0.00588413
0.000479788
-0.0070917
-0.0147108
-0.0198021
-0.0202615
-0.0154696
-0.00652498
0.00436801
0.0145798
0.022103
0.0258861
0.0258187
0.0219925
0.0146188
0.0041253
-0.00841834
-0.021298
-0.0324523
-0.0396332
-0.0408443
-0.0352001
-0.0226965
-0.00463332
0.0162519
0.0363551
0.0518351
0.0595683
0.0579658
0.0466459
0.0266524
0.000347904
-0.0283333
-0.0542934
-0.0725604
-0.078567
-0.0698961
-0.0468349
-0.012929
0.0256561
0.0617249
0.0877553
0.0981435
0.0904894
0.0661519
0.0293558
-0.0133917
-0.0547113
-0.0876922
-0.106516
-0.10789
-0.0911616
-0.0583654
-0.0140968
0.0346338
0.0795124
0.111749
0.124656
0.114923
0.0832914
0.0349611
-0.0209963
-0.0734047
-0.111681
-0.128158
-0.119447
-0.0869561
-0.037033
0.0204097
0.0736502
0.111486
0.126125
0.114517
0.0794425
0.0285006
-0.0268999
-0.0747503
-0.104916
-0.111569
-0.0943344
-0.0584473
-0.0131873
0.0307817
0.0639549
0.0796696
0.0756855
0.0541391
0.0208723
-0.0161416
-0.0481732
-0.0672829
-0.0685301
-0.0509325
-0.0177293
0.0239813
0.0643939
0.0925396
0.0993335
0.0806646
0.0389038
-0.0168413
-0.0727227
-0.113747
-0.128077
-0.110632
-0.0649739
-0.00174393
0.063668
0.115198
0.140366
0.133374
0.0962164
0.0377156
-0.028817
-0.088742
-0.129313
-0.142237
-0.124741
-0.0802596
-0.0175774
0.0498491
0.106632
0.139184
0.139054
0.105568
0.0460701
-0.0253166
-0.0905857
-0.132702
-0.140077
-0.110652
-0.0527802
0.017872
0.0823082
0.12329
0.130265
0.102423
0.0480764
-0.0174609
-0.0764103
-0.113083
-0.117914
-0.0903864
-0.0387212
0.0227348
0.0775868
0.111185
0.114627
0.0867799
0.0350001
-0.0273795
-0.0846063
-0.121665
-0.128263
-0.102049
-0.0494918
0.0162955
0.0790291
0.123146
0.137208
0.117394
0.0686311
0.00283918
-0.0640323
-0.115664
-0.139315
-0.129084
-0.0878646
-0.0261908
0.0402518
0.094496
0.122933
0.118783
0.0843596
0.0301476
-0.0280449
-0.0738296
-0.0951292
-0.08706
-0.0535654
-0.00634153
0.0393765
0.069761
0.0762399
0.057832
0.0210565
-0.0225569
-0.0594032
-0.078515
-0.0748524
-0.0497553
-0.0105732
0.0317612
0.0658401
0.0822004
0.0761683
0.0485255
0.00638853
-0.0387926
-0.0742394
-0.0892291
-0.0786632
-0.0446516
0.00330795
0.0512189
0.0842491
0.0917494
0.0707856
0.0280319
-0.0226435
-0.0649538
-0.0854062
-0.0778242
-0.0452362
0.00134237
0.0467409
0.0767615
0.0824339
0.0630562
0.0252931
-0.0188419
-0.0559453
-0.0753425
-0.0719234
-0.0474828
-0.00987508
0.0300288
0.0607019
0.0734058
0.064232
0.0352215
-0.00592027
-0.0473443
-0.0766818
-0.084695
-0.0682495
-0.0315878
0.0145717
0.0559596
0.079506
0.0781778
0.0528966
0.0124406
-0.0291166
-0.0575556
-0.0638864
-0.0471297
-0.0149465
0.0193286
0.0419637
0.0443844
0.0263894
-0.00403066
-0.0339937
-0.0507717
-0.0466491
-0.0220112
1.46E-02
0.0496934
0.0700869
0.0673804
0.0413123
1.13E-05
-0.0422975
-0.0709067
-0.0757179
-0.0547553
-0.014655
0.0312564
0.0675863
0.0819355
0.0693686
0.0344052
-0.0110508
-0.0516541
-0.0736832
-0.0701546
-0.0429434
-0.00229949
0.0371334
0.0611427
0.0607926
0.0363616
-0.00289931
-0.0420452
-0.0663943
-0.0666418
-0.0424562
-0.00263406
0.0385995
0.0665137
0.0712008
0.0514539
0.0146776
-0.0254292
-0.0543922
-0.0624955
-0.0482283
-0.0185385
0.0140226
0.0367941
0.0413083
0.026879
0.000634019
-0.0258965
-0.0412744
-0.0388018
-0.0190545
0.0102984
0.0375911
0.0517464
0.0466138
0.0238314
-0.00846273
-0.0384304
-0.0552924
-0.0531628
-0.0328682
-0.00169223
0.0296513
0.0511326
0.0565643
0.0456798
0.0243386
0.00151489
-0.0143519
-0.0188653
-0.01282
-0.00144365
0.00793841
0.00903014
-0.000228995
-0.0162169
-0.031865
-0.0391292
-0.0326648
-0.0123997
0.0158961
0.0422071
0.0562742
0.0515658
0.0282832
-0.00611547
-0.0397605
-0.0605937
-0.0610318
-0.0409504
-0.00767915
0.0264787
0.0491898
0.0526204
0.0364254
0.00767427
-0.0219874
-0.0410036
-0.042613
-0.0271995
-0.00216135
0.0218221
0.0346964
0.0316566
0.0147413
-0.00874471
-0.0292057
-0.038499
-0.0332718
-0.0155276
0.00847069
0.0302774
0.0430597
0.04328
0.0315459
0.0121745
-0.00848019
-0.0248106
-0.0330658
-0.032123
-0.0235385
-0.0102855
0.00383407
0.0153349
0.0215845
0.0216363
0.0165142
0.00848106
0.000238317
-0.00581385
-0.00919289
-0.00975466
-0.00814769
-0.00565711
-0.00349904
-0.00252898
-0.00266896
-0.00186217
0.000668973
0.00462343
0.00842756
0.0100724
0.00770181
0.00155134
-0.00613568
-0.0122473
-0.0136917
-0.00918857
-0.000470017
0.00848928
0.0131162
0.0103788
0.00070913
-0.011493
-0.0200262
-0.0194757
-0.00829594
0.00993386
0.0279873
0.03788
0.0344491
0.0176936
-0.00685088
-0.0306027
-0.0454242
-0.0465533
-0.0341059
-0.0127234
0.0101755
0.0276437
0.0361973
0.0358038
0.0285774
0.0173944
0.00400564
-0.0104243
-0.0248567
-0.0367134
-0.0420484
-0.0369848
-0.0199911
0.00653587
0.0356749
0.0571194
0.0610175
0.0432306
0.00776307
-0.0337013
-0.0660163
-0.0767805
-0.061447
-0.0257381
0.0167076
0.0495964
0.0605562
0.0466407
0.0146681
-0.0217678
-0.0479474
-0.0539538
-0.0388448
-0.00997208
0.0206183
0.0418669
0.0479059
0.0396803
0.0231943
0.00552126
-0.00777271
-0.0145033
-0.0159148
-0.0145176
-0.011933
-0.00876599
-0.00427292
0.00196432
0.00886806
0.0135954
0.0127766
4.78E-03
-0.00817176
-0.0203264
-0.0249637
-0.0178517
5.37E-05
0.0221978
0.0386714
0.0405357
0.0247169
-0.00399429
-0.0346025
-0.0545813
-0.0550118
-0.0350125
-0.00229065
0.0300593
0.0491693
0.0483372
0.0300046
0.00398424
-0.0175355
-0.0258087
-0.0190956
-0.00321504
0.0120159
0.017659
0.0102776
-0.00634854
-0.0232443
-0.0310012
-0.0248808
-7.03E-03
0.014527
0.0293937
0.0307005
0.0186426
3.54E-05
-0.0156645
-0.0211816
-0.0150125
-0.00227814
0.00851369
0.00981098
-0.000659324
-0.0184205
-0.0341581
-0.0385135
-0.026823
-0.00151881
0.0280803
0.0500747
0.055143
0.0407046
0.0120562
-0.0198192
-0.043126
-0.0497257
-0.038146
-0.0140515
0.0130713
0.0336953
0.0414887
0.0351884
0.0181479
-0.00313859
-0.0213597
-0.0309258
-0.0293406
-0.017626
0.000307827
0.018231
0.0301774
0.031478
0.0207839
0.000493375
-0.0233376
-0.0425802
-0.0497348
-0.0410697
-0.018872
0.00931171
0.0331193
0.0437851
0.0379494
0.018761
-0.00537152
-0.0241383
-0.0297756
-0.0207344
-0.00231187
0.0158328
0.0248377
0.0199505
0.00368771
-0.0159825
-0.0293662
-0.030128
-0.0178274
0.00213171
0.0216082
0.0328389
0.0319142
0.0203903
0.00405322
-0.0103664
-0.0181119
-0.0181929
-0.0128446
-0.00613803
-0.000817549
0.00220077
0.00388877
0.00584503
0.00894376
0.012171
0.0133115
0.0105862
0.00418859
-0.00359845
-0.00935045
-0.00997648
-0.00500434
0.00313117
0.0100669
0.0119514
0.00738894
-0.00129442
-0.00918577
-0.0114761
-0.00593999
0.00520351
0.0164707
0.0218392
0.0180467
0.00652335
-0.00713973
-0.016467
-0.0171762
-0.00958061
0.00219923
0.0121308
0.0153102
0.0106016
0.000893467
-0.00838757
-0.0123617
-0.00938862
-0.00194012
0.00478952
0.00634539
0.00174168
-0.00605618
-0.0120711
-0.011811
-0.00483293
0.00538261
0.0135087
0.014779
0.00796858
-0.00371703
-0.01426
-0.0177386
-0.0118199
0.00110993
0.0145831
0.0214298
0.0179233
0.00552251
-0.00956018
-0.0193599
-0.018426
-0.00680647
0.0101051
0.0237995
0.0273428
0.018641
0.00106401
-0.0175549
-0.0288175
-0.0281444
-0.0168373
-0.000506351
0.0137623
0.0208105
0.019588
0.0129556
0.00547904
0.000725755
-0.000630886
-0.000395993
-0.00111835
-0.00386469
-0.0077026
-0.0100206
-0.00775139
-0.000571423
0.0085022
0.0145698
0.013412
0.00432832
-0.00957558
-0.0217096
-0.0254534
-0.0182958
-0.00305297
0.013168
0.022737
0.0213475
0.0104914
-0.00323732
-0.0119595
-0.0107298
-0.000460793
0.0121413
0.0185353
0.0133788
-0.0023067
-0.0208059
-0.0318784
-0.0282934
-0.0101857
0.0142101
0.0326298
0.0352661
0.0204263
-0.00458523
-0.0262842
-0.0326932
-0.0197287
0.00604576
0.0303146
0.038736
0.0241836
-0.00800715
-0.0419766
-0.0592591
-0.048487
-0.0122435
0.0335526
0.0670753
0.0712953
0.0424685
-0.0070245
-0.0546112
-0.0778377
-0.0655337
-0.0237999
0.026567
0.0602653
0.0600171
0.0255163
-0.0261912
-0.0686132
-0.0790551
-0.0496012
0.00809983
0.068023
0.102024
0.093752
0.0464886
-0.0182366
-0.0710877
-0.0890416
-0.0660327
-0.0152117
0.0378815
0.0680486
0.0623763
0.0264053
-0.0197186
-0.0518735
-0.0539711
-0.0257485
0.0176588
0.0539525
0.0645205
0.0438883
0.00233827
-0.0397778
-0.0622626
-0.0550566
-0.0226594
0.018647
0.0492765
0.0559052
0.0368408
0.00313839
-0.0283231
-0.0430563
-0.0354911
-0.0113667
0.0161837
0.033519
0.0331183
0.0170624
-0.00506217
-0.02181
-0.0250816
-0.0144663
0.00356251
0.0195415
0.0260535
0.0207087
0.00625123
-0.0109917
-0.0239999
-0.0279569
-0.0228179
-0.0116639
0.00131273
0.0126429
0.0202184
0.0230592
0.0203251
0.0114578
-0.00268948
-0.0191158
-0.0331747
-0.0396967
-0.0348985
-0.0183998
0.0054982
0.0289995
0.0430003
0.0415514
0.0248421
-0.000795602
-0.0253799
-0.0388682
-0.0360919
-0.0187361
0.00531713
0.0258122
0.034248
0.0277372
0.00983348
-0.0112944
-0.0271735
-0.031847
-0.0242472
-0.00821623
0.0094807
0.0222058
0.0258517
0.0203696
0.00899236
-0.00335502
-0.012594
-0.0160775
-0.0135489
-0.00664199
0.0019938
0.00939305
0.0131874
0.0121458
0.00614816
-0.00307934
-0.012293
-0.0183039
-0.0187018
-0.0133743
-0.00418475
0.00530186
0.010977
0.0102163
0.00332701
-0.00649538
-0.0146786
-0.0170752
-0.0119618
-0.00123676
0.0102906
0.0174148
0.0173659
0.0107679
0.00134397
-0.0059466
-0.00726641
-0.00236894
0.00550449
0.0115662
0.0119225
0.00548677
-0.00517505
-0.0149785
-0.0185624
-0.0137369
-0.00256737
0.00931373
0.0156536
0.012878
0.00189786
-0.0116408
-0.020546
-0.0191575
-0.00705664
0.0103633
0.0252186
0.0306427
0.0237502
0.0072462
-0.0121037
-0.0265542
-0.0305676
-0.023598
-0.00948346
0.00547938
0.0156214
0.0181295
0.0145787
0.00883206
0.00481557
0.00442487
0.00697407
0.00973853
0.00963031
0.00512099
-0.00296209
-0.0115587
-0.0170126
-0.0174326
-0.0135323
-0.00706866
-0.00148935
0.00065452
-0.00115852
-0.00517197
-0.00849384
-0.00905949
-0.00662378
-0.00256533
0.00129798
0.00375363
0.00498897
0.00626504
0.00845274
0.0110527
0.0127277
0.011484
0.0058305
-0.0034057
-0.0134055
-0.020503
-0.0212746
-0.0146386
-0.00270131
0.0101458
0.0188619
0.0203933
0.0150362
0.00581482
-0.00311067
-0.00833536
-0.0085753
-0.00511187
-0.000698921
0.00224087
0.00307155
0.00241816
0.00146837
0.00121665
0.00162358
0.00101815
-0.00185633
-0.00685437
-0.0121895
-0.0150285
-0.0129701
-0.00545557
0.00524396
0.0146625
0.018583
0.0148801
0.00475118
-0.00776188
-0.0171009
-0.0190424
-0.0128773
-0.00160571
0.00900287
0.0136793
0.010441
0.00166684
-0.00732486
-0.0113242
-0.00797965
0.00127761
0.0118481
0.0181178
0.0163992
0.00657199
-0.00735458
-0.0189891
-0.0225181
-0.0154399
-0.000257185
0.0167225
0.0284005
0.0300281
0.0215153
0.00645153
-0.00914933
-0.0195463
-0.0213162
-0.0149878
-0.00396901
0.00685704
0.0131426
0.013014
0.00726258
-0.00127051
-0.00877889
-0.012159
-0.0108419
-0.00583415
0.000712108
0.00648314
0.00942656
0.00839093
0.00394003
-0.00198406
-0.00693176
-0.00880329
-0.00707078
-0.00274437
0.00223714
0.00553154
0.00573473
0.00286563
-0.00169809
-0.00543373
-0.00623949
-0.00347005
0.00139533
0.00532809
0.00583043
0.00198242
-0.00449548
-0.010006
-0.0110139
-0.00603158
0.00345577
0.0133159
0.0183969
0.0150852
0.00360261
-0.011832
-0.025036
-0.0300554
-0.0238812
-0.00831536
0.0104127
0.0244643
0.0279167
0.0201138
0.00556636
-0.00858591
-0.0160036
-0.0136407
-0.0033241
0.00909565
0.0170623
0.0165326
0.00795026
-0.00397768
-0.0127516
-0.0130823
-0.00369489
0.011394
0.0243699
0.0282357
0.0199743
0.00216414
-0.0178555
-0.0318103
-0.0341979
-0.0246547
-0.00783653
0.00901967
0.019408
0.0203203
0.0133421
0.00370274
-0.00344655
-0.00519485
-0.00230075
0.00189529
0.00360749
0.000745465
-0.00566955
-0.011967
-0.0137513
-0.00887858
0.00141225
0.0129803
0.0206739
0.020829
0.0133559
0.00145615
-0.0096555
-0.0153797
-0.0141241
-0.00744905
0.000626027
0.0061766
0.00668346
0.00254534
-0.00329026
-0.00711948
-0.00674578
-0.00241567
0.00305934
0.00621886
0.00492053
-0.000363334
-0.00670404
-0.0103469
-0.00870033
-0.0017939
0.007666
0.0154904
0.0179537
0.013747
0.00499984
-0.0040975
-0.00993036
-0.0109939
-0.00812162
-0.00388671
-1.24E-03
-0.0014852
-0.00372058
-0.0057638
-0.00490939
-9.88E-05
0.00765468
0.0153122
0.0191121
0.0166247
0.00811648
-0.00360596
-0.0145704
-0.0210226
-0.0207132
-0.014254
-0.00461322
0.00442802
0.00962564
0.0101537
0.00720913
0.00339611
0.00121202
0.00194708
0.00464731
0.00671193
0.00641053
0.00313069
-0.00229065
-0.00762063
-0.0104013
-0.00935475
-0.00520022
-0.000232626
0.00291145
0.00291557
0.000133683
-0.00339231
-0.00460444
-0.00153029
0.00570574
0.0146367
0.0215666
0.0232634
0.0182479
0.0073893
-0.00640347
-0.0192899
-0.0276548
-0.0292541
-0.0242425
-0.0149067
-0.00442154
0.00449589
0.0104909
0.0134702
0.0144958
0.0147277
0.0146147
0.0140917
0.0118366
0.006381
-0.0023573
-0.01255
-0.02107
-0.0246245
-0.0212444
-0.0111479
0.00296308
0.0166552
0.0252175
0.025288
0.0164903
0.00186227
-0.0131877
-0.0227305
-0.0225973
-0.0127418
0.00274328
0.0173215
0.0246299
0.0214644
0.00850233
-0.00915386
-0.0249039
-0.0325509
-0.0288466
-0.0145406
0.00575023
0.0250142
0.0365723
0.0364533
0.024462
0.00425538
-0.0176308
-0.0341978
-0.0407006
-0.0357941
-0.0216789
-0.00302288
0.0143461
0.0257071
0.0286223
0.0233891
0.0132746
0.00245157
-0.00568656
-0.00977679
-0.0104198
-0.00942769
-0.00840914
-0.00794184
-0.00736676
-0.00518773
-0.000461903
0.00669901
0.0144718
0.01947
0.0186682
0.0108492
-0.00193979
-0.0154708
-0.0246571
-0.0253392
-0.0164111
-0.000447963
0.0170809
0.0292472
0.0308729
0.020311
0.000754249
-0.0210288
-0.0370015
-0.0409255
-0.0311007
-0.0105735
0.0139388
0.0342612
0.0437053
0.0396693
0.0247849
0.00502288
-0.0130758
-0.0246793
-0.0286287
-0.0262539
-0.020195
-0.0129433
-0.00577409
0.00145453
0.00935199
0.0173844
0.0234819
0.0247034
0.0189299
0.00636137
-0.00987403
-0.0247631
-0.0329817
-0.0308408
-0.0183162
0.000298365
0.0185334
0.0303155
0.03192
0.0233721
0.00822712
-0.00794796
-0.0195891
-0.0240547
-0.021529
-0.0145059
-0.00579532
0.00243791
0.00935367
0.0149475
0.0189495
0.0198113
0.0159287
0.00704016
-0.00551789
-0.0187585
-0.0284654
-0.0303868
-0.0226114
-0.0065616
0.0131697
0.0298081
0.0369833
0.0310488
0.0132418
-0.0104091
-0.0314434
-0.0420672
-0.0378794
-0.0197828
0.00626048
0.0313765
0.0467552
0.0470568
0.0320776
0.00685099
-0.0202283
-0.040012
-0.0461708
-0.0370912
-0.0159492
0.00964653
0.0305599
0.0398642
0.0353084
0.0194491
-0.001756
-0.0207144
-0.0310296
-0.0299134
-0.0187036
-0.00230107
0.0129209
0.0216866
0.0221285
0.0155141
0.00515984
-0.00486462
-0.0113435
-0.0126715
-0.00974639
-0.00487736
-0.000316665
0.0025837
0.00360601
0.00333132
0.00259054
0.00217132
0.00211064
0.00144775
-0.000623049
-0.00387795
-0.00692795
-0.00794608
-0.00568935
-0.00017811
0.00699925
0.0135036
0.0165764
0.0141601
0.00610047
-0.00549465
-0.0169058
-0.0244025
-0.0255704
-0.020314
-0.0106213
0.000657334
0.0108878
0.0184989
0.0226452
0.0229095
0.0195825
0.0135012
0.00525707
-0.00412262
-0.0131288
-0.0201064
-0.0232701
-0.0209706
-0.012832
-0.000810813
0.0108896
0.0179159
0.0175187
0.0100956
-0.00119371
-0.0116
-0.0165166
-0.0136886
-0.00432665
0.00712643
0.0156265
0.0179743
0.0135406
0.00402289
-0.00703041
-0.0152796
-0.017684
-0.0139919
-0.00642432
0.00195198
0.00845816
0.0117817
0.0120485
0.0103725
0.00747913
0.00358396
-0.00162588
-0.007834
-0.0139307
-0.0177208
-0.0172922
-0.011703
-0.00190565
0.0090134
0.0174029
0.0202225
0.0164699
0.00754395
-0.00304388
-0.0113438
-0.0147156
-0.0130233
-0.00840041
-0.00342224
-0.000124114
0.00114629
0.00154877
0.00290431
0.00610753
0.0106002
0.0141335
0.0142732
0.0094028
0.000104471
-0.0105797
-0.0186112
-0.0205089
-0.0150198
-0.00426318
0.00770224
0.0162594
0.0183043
0.0135932
0.0044635
-0.00504454
-0.0110837
-0.0116831
-0.00748324
-0.00101953
0.00469948
0.00800658
0.00879284
0.00779424
0.00634616
0.00528629
0.00445006
0.00287714
-0.000105129
-0.00440259
-0.00877357
-0.0115855
-0.0109116
-0.00597165
0.00166396
0.00870493
0.011887
0.00917698
0.00123436
-0.00914662
-0.0175272
-0.0201984
-0.0156547
-0.00534893
0.00723182
0.017975
0.0235434
0.0226684
0.0161487
0.00600105
-0.00478608
-0.0131887
-0.0176208
-0.0176511
-0.0135754
-0.00658137
0.00182203
0.00959101
0.0146499
0.0150783
0.00983116
-0.000319479
-0.0123484
-0.021899
-0.0251393
-0.0203535
-0.00862611
0.00594275
0.0181245
0.0232394
0.01957
0.00905732
-0.0030819
-0.0107687
-0.0105965
-0.00306786
0.00782429
0.0160238
0.0161844
0.00723964
-0.00741177
-0.0210911
-0.0272065
-0.0219182
-0.00632926
0.013821
0.0304954
0.0369343
0.0303449
0.0137182
-0.00628833
-0.0218639
-0.027443
-0.0222309
-0.00979321
0.00389926
0.0129865
0.0145028
0.0091808
0.00111925
-0.00513417
-0.00670635
-0.00371043
0.00135896
0.00535794
0.00601245
0.0028783
-0.00252181
-0.00729586
-0.00865211
-0.00549098
0.000920576
0.00745354
0.0109375
0.00942095
0.00355079
-0.00404099
-0.00979583
-0.0108344
-0.00634637
0.00197622
0.0105941
0.0157908
0.0152126
0.00852932
-0.00217101
-0.0129417
-0.0195425
-0.0192831
-0.0121556
-0.000959835
0.0103582
0.0174862
0.0174148
0.010183
-0.00149552
-0.0133191
-0.0208715
-0.0214224
-0.0149518
-0.00365972
0.0084499
0.0170829
0.0191252
0.0140685
0.00410312
-0.00691516
-0.0146971
-0.0163047
-0.0111918
-0.00141074
0.00930167
0.0170177
0.0187433
0.0138637
0.00425861
-0.00680447
-0.0155542
-0.0190543
-0.0158493
-0.00703192
0.004501
0.0153651
0.0225165
0.0241421
0.0195134
0.00962939
-0.00293763
-0.0149186
-0.0230287
-0.0253063
-0.0212228
-0.0118144
0.000416889
0.0123118
0.0206136
0.0232319
0.0199816
0.0123806
0.00297024
-0.0055967
-0.0115616
-0.0143133
-0.0142051
-0.0121761
-0.00930536
-0.00615687
-0.00260059
0.00168243
0.00633666
0.0104488
0.0129281
0.0132376
0.0110685
0.00694564
0.0018107
-0.00316084
-0.00656929
-0.00791044
-0.00767922
-0.00676932
-0.00601944
-0.0055436
-0.0046563
-0.00254337
0.00108413
0.00570879
0.0101262
0.0127226
0.0120834
0.00793467
0.00135141
-5.67E-03
-0.0110862
-0.0134386
-0.0117976
-0.00673047
-8.44E-05
0.005462
0.00794143
0.00704758
0.00355612
-0.000500966
-0.00315346
-0.00332344
-0.00105201
0.00286142
0.00695556
0.00961559
0.00952132
0.00602674
-0.00043754
-7.88E-03
-0.0140068
-0.0168482
-0.01517
-0.00899209
-8.00E-05
0.00881173
0.0148281
0.0161211
0.0122165
0.00481751
-0.00312719
-0.00872633
-0.0102744
-0.00756408
-0.00232017
0.00259453
0.00431102
0.00189772
-0.00346318
-0.00879081
-0.010975
-0.00815594
-0.000773169
0.00849038
0.0158804
0.0181369
0.013819
0.0040843
-0.00760267
-0.0168532
-0.0200238
-0.0160185
-0.00720971
0.00237252
0.0086588
0.00953629
0.00545997
-0.000935245
-0.00637194
-0.00823825
-0.00560022
0.000220085
0.00636859
0.00967062
0.0083873
0.00328127
-0.00290166
-0.00734389
-0.00812984
-0.00495828
0.000773439
0.00655525
0.00983512
0.00913414
0.00479036
-0.00139805
-0.00730948
-0.0111231
-0.0117675
-0.00953806
-0.0055519
-0.00104825
0.00274579
0.00522994
0.00618684
0.00596895
0.00467759
0.00240458
-0.000392905
-0.00290718
-0.00419053
-0.00355994
-0.0010404
0.00280974
0.00654566
0.00887766
0.00915324
0.00723856
0.00336637
-0.0014056
-0.00592223
-0.00890989
-0.00990311
-0.00877137
-0.00599913
-0.00233078
0.00157965
0.00505092
0.00762499
0.00895232
0.00869051
0.00642037
0.00227172
-0.0027577
-0.0071676
-0.00979929
-0.00966923
-0.00706333
-0.00322563
0.000272239
0.00232812
0.00302474
0.0031486
0.00354095
0.00450979
0.005276
0.00478361
0.00212254
-0.00268837
-0.00821902
-0.0121704
-0.0126449
-0.00914383
-0.0026247
0.00478869
0.0104014
0.0118377
0.00842637
0.00135207
-0.006214
-0.0106736
-0.00980936
-0.00395136
0.00471616
0.0124733
0.0158516
0.0133085
0.00589559
-0.00357972
-0.0117048
-0.015856
-0.0151412
-0.0102621
-0.00301955
0.00427467
0.00980342
0.0125569
0.0124177
0.0100056
0.00629344
0.00200508
-0.0024412
-0.00661335
-0.00962488
-0.0104313
-0.00860347
-0.00442567
0.00070708
0.0049209
0.00681901
0.005697
0.00217072
-0.00209189
-0.00538244
-0.00625192
-0.00459919
-0.00154202
0.00160078
0.00336659
0.00285256
0.000165875
-0.00362513
-0.00683712
-0.00788618
-0.00589572
-0.00131327
0.00450263
0.00961004
0.01213
0.0113782
0.0074788
0.00149191
-0.00510861
-0.0105656
-0.013082
-0.0117787
-0.00681664
0.00043608
0.00764587
0.0125691
0.0138457
0.0116131
0.00679634
0.000987866
-0.00384031
-0.00626309
-0.00581085
-0.00358878
-0.000955767
0.000446671
-0.000423941
-0.00352305
-0.00729073
-0.00940181
-0.00801612
-0.00311403
0.00372296
0.0104785
0.0149502
0.0154666
0.0117959
0.00498461
-0.0029675
-0.0100636
-0.014822
-0.0167203
-0.0160287
-0.0131431
-0.00844902
-0.00221083
0.00492267
0.0119323
0.0174991
0.0201037
0.018391
0.0117795
0.00159066
-0.00953267
-0.0180635
-0.0206774
-0.0160787
-0.0057991
0.00665405
0.0170198
0.0218512
0.0198267
0.011851
0.000338599
-0.0111766
-0.0190497
-0.0209708
-0.0167399
-0.00802913
0.00213259
0.010643
0.0150975
0.0141593
0.00846723
0.000106518
-0.00795639
-0.0128695
-0.0130223
-0.00860144
-0.000850114
0.00767665
0.0138371
0.0155102
0.012431
0.00591837
-0.00169871
-0.0080463
-0.0114551
-0.0114253
-0.00873552
-0.00458488
0.00019568
0.00498085
0.00929392
0.0123586
0.0127566
0.00979534
0.00320715
-0.00612085
-0.0157728
-0.0229089
-0.0245946
-0.0189678
-0.00657592
0.0091721
0.0228458
0.0290059
0.0247484
0.0111999
-0.00692322
-0.0229688
-0.030658
-0.0264282
-0.0114104
0.00881256
0.0265666
0.0350773
0.0315163
0.0178478
-0.000129273
-0.0153026
-0.0222655
-0.0194585
-0.00970062
0.00188822
0.00983272
0.0109591
0.00553139
-0.00313076
-0.0102605
-0.0125314
-0.00929182
-0.00256874
0.00427181
0.00839853
0.00882094
0.00622956
0.00272325
0.000411949
-0.000140083
0.000463169
0.00120603
0.00116887
-0.000139231
-0.00203992
-0.00283383
-0.000808918
0.00375672
0.00874261
0.0112511
0.00926964
0.00261594
-0.00684292
-0.0159262
-0.0210411
-0.0201735
-0.0134296
-0.00303971
0.00756236
0.0149066
0.0169001
0.0134464
0.00612019
-0.00247278
-0.00940537
-0.0129105
-0.0126326
-0.00914491
-0.00380149
0.00177814
0.00655464
0.0100219
0.0115983
0.0107114
0.00692046
0.00100766
-0.00509655
-0.00942432
-0.0108033
-0.00879042
-0.00400315
0.00174357
0.006116
0.00705228
0.00422885
-0.000987354
-0.0060581
-0.00858624
-0.00738548
-0.00272334
0.00336043
0.00805721
0.00939751
0.00722918
0.00291644
-0.00124727
-0.00326011
-2.14E-03
0.0012597
0.00481138
0.00639573
0.00464001
-5.23E-05
-0.00562356
-0.0094494
-0.00946344
-0.00563481
0.000310585
0.00567599
0.00788292
0.00548658
-0.000748263
-0.00842637
-0.0142617
-0.0156834
-0.0117348
-0.00328957
0.0072365
0.0164108
0.0210065
0.0198087
0.0136279
0.00510712
-0.00297079
-0.00806249
-0.00882036
-0.00561155
-0.000228877
0.00487142
0.00766129
0.00668539
0.00184733
-0.00495527
-0.0109042
-0.0135458
-0.0117234
-0.0063994
0.000545087
0.00681897
0.0104579
0.0103404
0.00682403
0.00147322
-0.0033606
-0.00567884
-0.00455122
-0.000929169
0.003423
0.0065035
0.00659161
0.00349949
-0.00134544
-0.00576551
-0.00788879
-0.00663466
-0.00237257
0.00324412
0.00785553
0.00944752
0.00705026
0.000922993
-0.00690578
-0.0137311
-0.0172755
-0.0165268
-0.0114947
-0.00336403
0.00564339
0.0134523
0.018049
0.0183888
0.0144435
0.00720352
-0.00141301
-0.00937152
-0.0147518
-0.0164155
-0.0143304
-0.00909815
-0.00221925
0.00467743
0.0101234
0.0131003
0.0132604
0.0112142
0.00805453
0.00469275
0.00153102
-0.00134884
-0.00386261
-0.0054803
-0.00588622
-0.0050983
-0.00378845
-0.00312671
-0.00387671
-0.00612807
-0.00925775
-0.0119018
-0.0124121
-0.00922109
-0.00212234
0.00735181
0.0163548
0.0218021
0.0215524
0.0155757
0.00571204
-0.00447843
-0.0115351
-0.0133215
-0.00984373
-0.00327514
0.0032712
0.00695641
0.00638494
0.00233805
-0.00331919
-0.0081658
-0.0102759
-0.00922862
-0.00590261
-0.00174976
0.00198858
0.00466972
0.00612521
0.00658272
0.00635208
0.00581701
0.00466432
0.00249467
-0.0005207
-0.003238
-0.00413812
-0.00246908
0.00113366
0.00472388
0.00575933
0.00263916
-0.00407912
-0.0117498
-0.0166353
-0.0155844
-0.00765988
0.00533917
0.0190441
0.0279429
0.0277
0.0174752
0.000656671
-0.0163993
-0.0271952
-0.0276044
-0.0179754
-0.00272856
0.0118235
0.0198979
0.0185689
0.00902041
-0.00437675
-0.015657
-0.0204494
-0.0175227
-0.0089894
0.00110905
0.00875262
0.0117669
0.0101015
0.00583571
0.00198831
0.000708957
0.00234634
0.00508282
0.00657385
0.00508601
0.00054025
-0.00558467
-0.011139
-0.0142136
-0.0137314
-0.00960691
-0.00338046
0.00302026
0.00763486
0.00935261
0.00841579
0.00590559
0.0033411
0.00180005
0.00168294
0.00258019
0.00352214
0.00388056
0.00313334
0.000981341
-0.0024036
-0.00597541
-0.00849117
-0.00873542
-0.00620029
-0.000899813
0.00601761
0.0121159
0.0147974
0.0124886
0.00551558
-0.00362682
-0.0115025
-0.0145717
-0.0112118
-0.00229358
0.00874888
0.0172313
0.0190117
0.0127077
0.000400976
-0.013035
-0.0218372
-0.021883
-0.0128314
0.00162915
0.0156629
0.0237234
0.0226136
0.0127079
-0.00158899
-0.0139259
-0.0190733
-0.0150376
-0.00407691
0.00867751
0.0173352
0.0180065
0.0106616
-0.00138142
-0.0127388
-0.0186824
-0.0169923
-0.00900109
0.00150293
0.00992032
0.0126739
0.00895304
0.000594246
-0.00859318
-0.0145932
-0.0148046
-0.00895939
0.000980376
0.0115623
0.0187829
0.0199808
0.0145343
0.0040434
-0.00821788
-0.0184589
-0.023477
-0.0220118
-0.0148396
-0.00426738
0.00613981
0.0129978
0.0146857
0.011504
0.00571277
0.00033625
-0.00187244
-0.000106406
0.00359425
0.00600659
0.00459266
-0.00154237
-0.010518
-0.0184686
-0.0211725
-0.0161925
-0.00432832
0.0101043
0.021212
0.0241647
0.0175501
0.00418376
-0.00989912
-0.0182245
-0.0168964
-0.00616273
0.00897752
0.0210932
0.0239671
0.0151412
-0.00257529
-0.0218057
-0.0339016
-0.0331777
-0.0196439
0.0011662
0.0205665
0.0307245
0.027752
0.0137252
-0.0045727
-0.0187753
-0.0229001
-0.0155311
-0.000554121
0.0144396
0.0223523
0.020015
0.00837154
-0.00703327
-0.0193375
-0.0234656
-0.0180215
-0.00603043
0.00698982
0.0156091
0.0167996
0.0112185
0.0024118
-0.00520347
 -----------------------------------------------------------

     WAVE HEIGHTS H(I)

   0.283      0.279      0.277      0.253      0.248      0.243      0.238      0.227      0.218      0.206
   0.191      0.177      0.171      0.158      0.158      0.156      0.155      0.149      0.148      0.146
   0.143      0.139      0.138      0.138      0.134      0.128      0.127      0.122      0.117      0.115
   0.107      0.105      0.099      0.098      0.096      0.095      0.095      0.093      0.084      0.083
   0.082      0.081      0.079      0.078      0.077      0.076      0.075      0.075      0.074      0.073
   0.072      0.072      0.072      0.071      0.068      0.067      0.066      0.064      0.064      0.063
   0.062      0.061      0.060      0.059      0.058      0.058      0.057      0.057      0.056      0.056
   0.056      0.055      0.054      0.054      0.053      0.052      0.051      0.051      0.050      0.050
   0.049      0.049      0.048      0.048      0.048      0.048      0.046      0.046      0.045      0.044
   0.043      0.043      0.043      0.043      0.042      0.042      0.042      0.041      0.041      0.041
   0.041      0.041      0.040      0.040      0.040      0.040      0.039      0.039      0.039      0.039
   0.039      0.038      0.038      0.038      0.038      0.037      0.037      0.037      0.036      0.036
   0.036      0.036      0.035      0.035      0.035      0.035      0.035      0.035      0.035      0.035
   0.034      0.034      0.034      0.033      0.033      0.032      0.032      0.032      0.032      0.032
   0.032      0.031      0.030      0.030      0.030      0.030      0.030      0.030      0.029      0.029
   0.029      0.029      0.029      0.028      0.028      0.028      0.028      0.028      0.027      0.027
   0.027      0.027      0.026      0.026      0.026      0.026      0.026      0.026      0.025      0.025
   0.025      0.025      0.025      0.025      0.024      0.024      0.024      0.023      0.023      0.023
   0.023      0.023      0.023      0.022      0.022      0.022      0.022      0.022      0.022      0.022
   0.022      0.021      0.021      0.021      0.021      0.021      0.021      0.021      0.020      0.020
   0.020      0.020      0.019      0.019      0.019      0.019      0.018      0.018      0.018      0.018
   0.018      0.018      0.018      0.018      0.018      0.018      0.018      0.017      0.017      0.017
   0.017      0.017      0.017      0.017      0.017      0.017      0.017      0.016      0.016      0.016
   0.016      0.016      0.016      0.015      0.015      0.015      0.015      0.015      0.015      0.015
   0.015      0.015      0.015      0.014      0.014      0.014      0.014      0.014      0.014      0.014
   0.014      0.014      0.014      0.014      0.013      0.013      0.013      0.013      0.013      0.013
   0.013      0.013      0.013      0.012      0.012      0.012      0.012      0.012      0.012      0.012
   0.012      0.012      0.011      0.011      0.011      0.011      0.011      0.011      0.011      0.011
   0.011      0.011      0.011      0.011      0.011      0.010      0.010      0.010      0.010      0.010
   0.010      0.010      0.010      0.010      0.010      0.010      0.010      0.010      0.010      0.009
   0.009      0.009      0.009      0.009      0.009      0.009      0.009      0.009      0.009      0.009
   0.009      0.008      0.008      0.008      0.008      0.008      0.008      0.008      0.008      0.008
   0.008      0.008      0.008      0.007      0.007      0.007      0.007      0.007      0.007      0.007
   0.007      0.007      0.006      0.006      0.006      0.006      0.006      0.006      0.006      0.006
   0.006      0.005      0.005      0.005      0.005      0.005      0.005      0.004      0.004      0.004
   0.004      0.004      0.004      0.004      0.004      0.004      0.002      0.002      0.001      0.001

     WAVE HEIGHT STATISTICS

          Mean =    0.040   Variance =    0.002   Standard Deviation =    0.049   RMS =    0.064
          Skewness =      0.00   Kurtosis =      0.00   Coeff. of Skewness =    2.687   Coeff. of Kurtosis =    7.870
          Significant Waveheight H(1/3) =    0.000000

     WAVE PERIODS T(I)

   6.400      6.200      5.000      4.800      4.400      3.800      3.800      3.800      3.800      3.800
   3.800      3.600      3.600      3.600      3.600      3.600      3.400      3.400      3.400      3.400
   3.400      3.400      3.400      3.200      3.200      3.200      3.200      3.200      3.200      3.200
   3.200      3.000      3.000      3.000      3.000      3.000      3.000      3.000      3.000      3.000
   3.000      3.000      3.000      3.000      2.800      2.800      2.800      2.800      2.800      2.800
   2.800      2.800      2.800      2.800      2.800      2.600      2.600      2.600      2.600      2.600
   2.600      2.600      2.600      2.600      2.600      2.600      2.600      2.600      2.600      2.600
   2.600      2.600      2.600      2.600      2.600      2.600      2.600      2.400      2.400      2.400
   2.400      2.400      2.400      2.400      2.400      2.400      2.400      2.400      2.400      2.400
   2.400      2.400      2.400      2.400      2.400      2.400      2.400      2.400      2.400      2.400
   2.400      2.400      2.400      2.400      2.400      2.400      2.400      2.400      2.200      2.200
   2.200      2.200      2.200      2.200      2.200      2.200      2.200      2.200      2.200      2.200
   2.200      2.200      2.200      2.200      2.200      2.200      2.200      2.200      2.200      2.200
   2.200      2.200      2.200      2.200      2.200      2.200      2.200      2.200      2.200      2.200
   2.200      2.200      2.200      2.200      2.200      2.200      2.200      2.200      2.200      2.200
   2.200      2.200      2.200      2.200      2.200      2.200      2.200      2.000      2.000      2.000
   2.000      2.000      2.000      2.000      2.000      2.000      2.000      2.000      2.000      2.000
   2.000      2.000      2.000      2.000      2.000      2.000      2.000      2.000      2.000      2.000
   2.000      2.000      2.000      2.000      2.000      2.000      2.000      2.000      2.000      2.000
   2.000      2.000      2.000      2.000      2.000      2.000      2.000      2.000      2.000      2.000
   2.000      2.000      2.000      2.000      2.000      2.000      2.000      2.000      2.000      2.000
   2.000      2.000      2.000      2.000      2.000      2.000      2.000      2.000      2.000      2.000
   2.000      2.000      2.000      2.000      1.800      1.800      1.800      1.800      1.800      1.800
   1.800      1.800      1.800      1.800      1.800      1.800      1.800      1.800      1.800      1.800
   1.800      1.800      1.800      1.800      1.800      1.800      1.800      1.800      1.800      1.800
   1.800      1.800      1.800      1.800      1.800      1.800      1.800      1.800      1.800      1.800
   1.800      1.800      1.800      1.800      1.800      1.800      1.800      1.800      1.800      1.800
   1.800      1.800      1.800      1.800      1.800      1.800      1.800      1.800      1.800      1.800
   1.800      1.800      1.800      1.800      1.800      1.800      1.800      1.800      1.800      1.800
   1.800      1.600      1.600      1.600      1.600      1.600      1.600      1.600      1.600      1.600
   1.600      1.600      1.600      1.600      1.600      1.600      1.600      1.600      1.600      1.600
   1.600      1.600      1.600      1.600      1.600      1.600      1.600      1.600      1.600      1.600
   1.600      1.600      1.600      1.600      1.600      1.600      1.600      1.600      1.600      1.600
   1.600      1.600      1.600      1.600      1.600      1.600      1.400      1.400      1.400      1.400
   1.400      1.400      1.400      1.400      1.400      1.400      1.400      1.400      1.400      1.400
   1.400      1.400      1.400      1.400      1.400      1.200      1.200      1.200      1.200      1.200

     WAVE PERIOD STATISTICS

          Mean =    2.182   Variance =    0.444   Standard Deviation =    0.667   RMS =    2.281
          Skewness =      0.66   Kurtosis =      2.29   Coeff. of Skewness =    2.221   Coeff. of Kurtosis =    8.583

 ------------------------------------------------------------

