-0.056
-0.040
0.033
0.027
0.020
-0.018
-0.055
0.009
0.027
-0.002
-0.009
-0.023
0.004
0.013
0.016
-0.008
-0.043
-0.026
0.095
0.027
-0.057
-0.025
0.061
0.014
-0.021
-0.018
-0.002
0.018
0.044
-0.043
-0.038
0.018
0.034
0.018
-0.032
-0.035
0.013
0.051
0.015
-0.043
-0.038
0.009
0.034
0.006
-0.017
-0.020
-0.002
0.010
0.042
-0.005
-0.069
-0.008
0.065
0.028
-0.050
-0.057
0.033
0.047
0.022
-0.035
-0.034
-0.016
0.069
-0.009
0.012
-0.010
-0.035
-0.018
0.007
0.055
-0.015
-0.007
-0.018
-0.008
0.036
-0.006
-0.019
-0.003
0.013
0.033
0.004
-0.038
-0.038
0.029
0.049
-0.001
-0.039
0.001
0.009
0.016
-0.013
-0.005
0.019
-0.013
-0.048
-0.001
0.027
0.013
-0.006
-0.012
-0.008
0.018
0.007
0.011
0.005
0.006
0.027
-0.036
-0.047
0.033
0.030
-0.019
-0.043
-0.020
0.020
0.064
0.021
-0.044
-0.043
0.022
0.049
-0.018
-0.052
-0.005
0.063
0.004
-0.055
-0.025
0.038
0.036
-0.016
-0.022
0.011
0.043
-0.022
-0.054
-0.029
0.061
0.030
0.005
-0.003
-0.014
-0.047
0.046
0.031
-0.036
-0.021
0.014
-0.013
0.003
0.027
0.025
-0.004
-0.034
-0.020
0.002
0.032
0.052
-0.022
-0.048
-0.015
-0.003
0.044
0.002
-0.042
-0.016
0.043
-0.002
-0.027
0.018
-0.006
-0.035
0.011
0.048
0.027
-0.032
-0.041
-0.015
0.027
0.036
-0.008
-0.008
0.024
-0.044
0.000
0.025
0.000
-0.019
0.004
0.020
-0.005
-0.052
0.006
0.093
-0.012
-0.070
-0.037
0.053
0.058
-0.025
-0.036
-0.011
0.020
0.024
0.022
-0.016
-0.029
-0.029
0.008
0.027
0.026
-0.012
-0.030
-0.008
0.019
-0.002
0.012
-0.019
-0.025
0.025
0.011
0.007
0.004
-0.057
0.002
0.060
0.006
-0.031
0.005
0.015
0.014
-0.008
-0.028
0.018
-0.025
0.004
0.030
0.026
-0.020
-0.048
-0.036
0.053
0.071
-0.009
-0.051
-0.047
0.006
0.023
0.029
0.017
-0.014
-0.048
0.006
0.049
0.000
-0.045
-0.009
0.024
0.040
-0.011
-0.038
0.008
0.002
-0.007
0.009
0.035
-0.018
-0.047
0.019
0.039
-0.020
-0.053
-0.018
0.066
0.050
-0.019
-0.026
0.006
-0.020
-0.006
0.066
0.016
-0.067
-0.037
0.019
0.044
0.020
-0.005
-0.037
-0.012
0.004
0.004
0.023
-0.014
-0.002
-0.024
-0.017
0.021
0.038
0.009
-0.026
-0.042
-0.010
0.025
0.001
0.008
0.011
0.007
-0.008
-0.022
0.003
0.050
0.016
-0.060
-0.023
0.025
0.048
0.002
-0.018
-0.042
-0.019
0.024
0.038
-0.005
-0.011
-0.025
0.014
0.020
0.003
-0.020
-0.003
0.031
-0.013
-0.030
-0.006
0.024
0.032
-0.007
-0.031
-0.008
-0.026
0.011
0.042
0.000
0.010
-0.052
-0.023
0.051
0.020
-0.019
-0.053
0.011
0.079
0.000
-0.061
-0.048
0.044
0.085
0.008
-0.084
-0.044
0.047
0.064
0.005
-0.039
-0.048
-0.017
0.046
0.049
-0.004
-0.039
-0.022
0.006
0.024
0.046
-0.031
-0.047
-0.016
0.007
0.041
-0.005
-0.002
-0.020
-0.031
0.014
0.081
-0.028
-0.057
0.015
0.051
0.042
-0.015
-0.039
-0.031
-0.020
0.013
0.047
0.023
-0.020
-0.053
-0.021
0.059
0.057
-0.054
-0.040
0.020
0.027
-0.001
-0.014
-0.008
0.019
-0.011
-0.020
0.023
0.010
-0.015
-0.010
-0.012
0.004
0.019
0.014
0.035
-0.024
-0.036
-0.015
0.002
0.016
-0.007
-0.020
-0.022
0.026
0.040
-0.044
-0.001
0.032
0.023
-0.020
-0.010
-0.042
0.051
0.064
-0.014
-0.055
-0.035
0.016
0.061
0.010
-0.049
-0.027
0.031
0.036
-0.018
-0.024
-0.015
0.001
0.038
0.004
-0.016
-0.026
-0.041
0.002
0.095
0.027
-0.052
-0.089
0.037
0.084
0.018
-0.035
-0.029
-0.010
0.024
-0.007
0.004
-0.015
0.003
-0.020
-0.015
0.020
0.013
0.009
-0.034
0.007
0.019
0.030
-0.030
-0.026
0.025
0.034
-0.001
-0.037
-0.009
0.050
0.005
-0.017
-0.018
-0.011
0.024
-0.011
-0.003
0.017
-0.054
-0.023
0.031
0.040
0.006
-0.009
0.011
-0.031
-0.008
0.052
-0.020
-0.038
-0.003
0.050
0.013
-0.034
-0.028
0.013
0.026
-0.003
-0.040
-0.005
0.064
0.008
-0.025
-0.043
-0.018
0.041
0.061
-0.017
-0.055
-0.044
0.036
0.053
0.021
-0.014
-0.040
-0.024
0.023
0.029
0.000
0.002
-0.026
-0.016
0.026
0.020
-0.027
-0.020
0.004
-0.011
0.029
0.030
-0.006
-0.053
-0.013
0.017
0.047
0.022
-0.049
-0.024
-0.001
0.014
0.011
0.000
0.011
0.023
-0.037
-0.061
0.027
0.067
0.031
-0.053
-0.049
-0.004
0.030
0.020
-0.007
-0.009
-0.031
-0.013
0.019
0.076
-0.007
-0.043
-0.029
0.047
0.037
-0.016
-0.031
-0.017
0.026
0.009
-0.005
-0.008
0.010
0.006
-0.011
-0.014
-0.010
0.029
-0.016
-0.015
0.026
0.019
-0.015
0.009
-0.024
-0.014
-0.010
0.007
0.000
0.035
0.003
-0.006
-0.033
-0.003
0.048
0.008
-0.052
0.009
0.009
-0.005
0.000
-0.015
0.017
0.011
-0.017
0.020
-0.008
-0.011
-0.017
0.051
0.003
-0.029
-0.005
0.039
-0.007
-0.034
-0.014
-0.004
0.056
-0.001
-0.044
-0.017
0.039
0.019
-0.025
-0.018
-0.027
0.002
0.048
0.026
-0.023
-0.049
0.027
0.010
0.014
-0.010
-0.016
0.009
0.013
0.011
0.001
-0.010
-0.035
0.025
0.010
0.029
-0.012
-0.047
-0.019
0.028
0.035
-0.004
-0.024
0.016
0.019
-0.019
-0.045
0.012
0.016
0.023
-0.028
-0.025
0.019
0.036
-0.016
0.006
-0.002
-0.025
-0.009
0.003
0.053
0.010
-0.029
-0.048
-0.020
0.044
0.029
-0.010
-0.040
0.009
0.001
0.010
0.011
-0.003
0.024
-0.027
-0.038
0.049
0.039
-0.018
-0.037
-0.012
0.038
0.026
-0.048
-0.036
0.043
0.030
-0.006
-0.005
-0.021
-0.011
0.025
0.028
0.013
-0.060
-0.038
0.019
0.053
0.013
-0.035
-0.037
0.032
0.028
-0.001
-0.037
-0.017
0.025
0.021
-0.002
-0.014
-0.015
-0.015
0.028
0.036
-0.006
-0.038
-0.020
0.011
0.028
0.000
-0.023
-0.010
0.033
-0.010
0.009
-0.023
0.002
0.045
-0.014
-0.045
0.004
0.057
0.022
-0.057
-0.025
0.022
0.029
0.011
-0.045
-0.024
0.028
0.045
-0.004
-0.047
-0.034
0.006
0.021
0.045
0.000
-0.047
-0.020
0.056
0.043
-0.035
-0.039
-0.039
0.006
0.041
0.046
0.025
-0.060
-0.030
-0.003
0.000
0.036
0.010
-0.009
-0.026
0.000
0.026
0.035
-0.013
-0.032
-0.020
0.038
-0.001
-0.027
-0.020
0.024
0.019
-0.003
0.012
0.035
-0.041
-0.042
0.036
0.028
0.007
-0.043
-0.041
0.018
0.013
0.009
-0.008
0.027
0.020
-0.027
-0.046
-0.030
0.028
0.077
0.048
-0.060
-0.043
-0.017
0.019
0.024
0.016
-0.010
-0.015
-0.006
-0.015
0.027
0.012
-0.012
0.005
0.008
-0.026
0.001
0.004
0.045
0.008
-0.058
0.006
0.018
0.011
-0.029
-0.008
0.009
-0.017
0.025
0.041
-0.010
-0.043
-0.026
0.031
0.028
-0.036
-0.022
-0.020
-0.007
0.045
0.057
-0.017
-0.025
-0.022
-0.002
0.032
0.033
-0.012
-0.022
-0.014
0.008
-0.017
0.003
0.006
0.004
0.005
0.005
-0.025
-0.017
0.032
0.014
-0.045
0.007
0.019
0.000
0.018
-0.003
-0.013
0.015
0.030
-0.018
-0.044
-0.006
0.050
0.026
-0.064
-0.045
0.039
0.060
0.009
-0.042
-0.032
0.032
0.035
-0.013
-0.023
-0.010
0.011
-0.012
0.009
0.025
-0.003
-0.026
-0.035
0.023
0.057
0.005
-0.050
-0.016
0.005
0.035
0.002
-0.014
-0.022
-0.003
0.033
-0.001
-0.005
0.000
-0.005
0.003
0.006
-0.020
-0.033
-0.003
0.009
0.072
-0.007
-0.043
-0.039
-0.004
0.037
0.045
0.007
0.000
-0.042
-0.012
0.019
0.023
-0.008
-0.045
-0.011
0.034
0.024
0.018
-0.015
-0.048
-0.010
0.029
0.072
-0.013
-0.060
-0.036
0.045
0.038
0.001
-0.024
-0.037
-0.007
0.034
0.038
-0.032
-0.023
0.009
0.041
0.011
-0.007
-0.048
-0.006
0.032
-0.017
-0.032
0.005
0.034
0.013
-0.017
-0.009
0.018
0.026
-0.029
-0.023
-0.009
0.031
0.015
-0.014
-0.022
-0.017
0.029
0.054
-0.012
-0.074
-0.021
0.066
0.040
-0.006
-0.038
-0.043
-0.007
0.019
0.058
0.000
-0.031
0.026
-0.001
-0.026
-0.032
0.028
0.032
-0.019
-0.025
-0.008
0.021
0.045
0.005
-0.009
-0.028
0.006
0.001
-0.037
-0.012
0.043
0.021
-0.029
-0.020
0.024
-0.001
0.008
0.062
-0.019
-0.055
0.002
0.021
0.029
-0.009
-0.010
0.001
-0.023
0.019
-0.004
-0.029
0.007
0.016
0.000
0.024
-0.011
-0.043
-0.049
0.023
0.100
0.030
-0.065
-0.046
0.013
0.037
0.044
-0.039
-0.043
-0.011
0.023
0.048
0.003
-0.047
-0.020
0.039
0.010
0.007
0.000
-0.051
0.010
0.027
0.010
-0.021
0.002
0.001
0.031
0.004
-0.015
-0.017
0.015
0.036
-0.020
-0.027
-0.022
0.019
0.029
0.031
-0.020
-0.037
-0.014
0.015
0.058
0.016
-0.032
-0.039
-0.012
0.028
0.041
0.006
-0.027
-0.019
-0.007
-0.010
0.009
0.019
0.024
-0.004
-0.033
-0.035
-0.007
0.047
0.034
0.001
-0.029
-0.023
0.007
0.009
-0.004
-0.003
0.005
0.004
-0.002
0.019
0.003
0.005
-0.012
-0.016
0.005
0.004
0.016
0.026
0.027
-0.012
-0.049
-0.009
0.058
0.033
-0.013
-0.032
-0.016
0.025
-0.002
-0.002
0.012
0.012
-0.010
-0.015
-0.004
0.024
0.007
-0.036
-0.021
0.010
0.068
-0.004
-0.047
-0.038
0.000
0.031
0.007
-0.017
-0.010
-0.004
0.007
-0.014
-0.003
0.002
0.002
-0.014
-0.029
-0.003
0.027
0.018
-0.004
-0.004
-0.011
-0.014
0.004
0.020
0.001
0.011
0.013
-0.006
-0.012
-0.011
-0.001
0.034
0.029
-0.024
-0.031
-0.012
0.037
0.026
0.007
-0.006
0.004
-0.012
0.006
0.018
0.038
-0.018
-0.027
-0.022
0.009
0.021
-0.005
-0.011
-0.002
0.001
0.012
-0.003
-0.030
-0.026
0.019
0.058
-0.006
-0.024
-0.023
-0.023
-0.023
0.000
0.035
0.006
-0.003
-0.004
-0.012
-0.034
-0.027
0.005
0.041
-0.003
-0.017
-0.004
0.012
0.007
-0.010
-0.011
-0.025
0.008
0.033
0.016
-0.011
-0.031
-0.028
0.012
0.032
0.031
0.019
-0.024
-0.053
-0.065
-0.021
0.079
0.060
0.019
-0.035
-0.063
-0.045
0.007
0.068
0.049
-0.021
-0.040
-0.015
0.016
0.014
-0.012
-0.025
0.008
0.040
0.037
-0.032
-0.052
-0.001
0.013
0.057
0.006
-0.031
-0.045
0.000
0.038
-0.002
-0.027
-0.017
-0.001
0.003
0.000
-0.012
-0.040
-0.002
0.024
0.008
-0.023
0.008
0.008
-0.022
-0.010
0.006
0.013
0.009
-0.003
-0.017
-0.005
0.006
0.029
0.035
-0.027
-0.013
-0.022
0.005
0.028
0.030
0.035
-0.064
-0.060
-0.004
0.054
0.099
-0.032
-0.084
-0.052
0.030
0.055
0.007
-0.051
-0.062
-0.013
0.029
0.026
-0.003
-0.049
-0.047
-0.017
0.028
0.048
0.013
-0.053
-0.029
0.022
0.061
0.042
-0.012
-0.023
-0.002
0.007
0.011
0.031
0.026
-0.019
-0.004
0.017
0.019
0.002
-0.032
-0.031
0.015
0.018
0.016
-0.030
-0.044
-0.012
-0.003
0.024
-0.013
-0.020
-0.014
0.002
0.059
-0.051
-0.019
0.035
0.054
-0.022
-0.030
-0.018
0.022
0.044
-0.024
-0.026
0.004
0.035
-0.003
-0.007
-0.011
0.009
0.025
-0.021
-0.006
-0.010
-0.006
-0.003
0.022
-0.013
-0.029
-0.019
0.031
-0.009
-0.035
0.008
0.027
0.014
0.000
-0.016
-0.030
-0.013
0.036
0.032
-0.016
-0.034
-0.005
0.026
0.011
0.015
0.012
-0.005
-0.021
0.014
0.047
-0.008
-0.035
-0.035
0.014
0.049
0.013
-0.060
-0.014
0.046
0.050
0.004
-0.037
-0.046
0.024
0.022
0.024
-0.018
-0.044
-0.022
-0.001
0.025
0.014
-0.012
0.002
0.022
-0.006
-0.016
0.014
0.049
0.004
-0.040
-0.024
0.008
0.053
0.007
-0.060
-0.051
-0.003
0.061
0.013
-0.037
-0.005
0.032
0.013
0.014
0.032
-0.009
-0.040
-0.032
0.014
0.084
-0.011
-0.065
-0.047
0.038
0.027
0.003
-0.039
0.014
0.016
-0.034
0.031
0.064
0.033
-0.035
-0.019
0.011
0.017
-0.008
-0.026
0.008
-0.003
-0.026
-0.016
0.036
0.035
-0.030
-0.063
0.002
0.025
0.029
-0.011
0.020
-0.003
-0.030
-0.017
-0.007
0.015
0.014
-0.021
-0.003
0.037
0.046
0.007
-0.035
-0.068
0.057
0.078
-0.005
-0.035
-0.029
-0.039
0.040
-0.018
-0.010
-0.035
-0.004
0.008
0.021
0.022
-0.007
-0.021
-0.034
0.037
0.075
-0.014
-0.061
-0.001
0.068
0.058
-0.013
-0.029
-0.009
0.013
0.018
0.001
-0.007
0.038
-0.012
-0.052
-0.020
0.012
0.039
-0.008
-0.021
0.025
-0.008
0.015
0.019
-0.020
-0.027
-0.002
0.011
0.020
-0.014
-0.013
0.009
-0.010
0.031
0.047
-0.007
-0.023
0.002
0.009
-0.031
0.009
0.007
-0.014
-0.024
-0.024
0.011
0.006
0.006
0.024
-0.015
0.006
0.005
-0.015
0.022
-0.001
-0.031
0.006
-0.007
-0.056
-0.027
0.022
0.065
0.002
-0.015
0.012
0.080
0.043
-0.036
-0.059
-0.011
-0.011
0.015
-0.059
-0.051
-0.044
-0.023
0.027
0.054
0.083
0.055
0.035
0.040
0.000
0.031
-0.010
-0.066
-0.081
-0.080
-0.069
-0.029
-0.015
0.011
0.041
0.089
0.141
0.099
0.033
0.041
-0.040
-0.053
-0.076
-0.090
-0.109
-0.087
-0.061
-0.033
0.013
0.090
0.140
0.128
0.133
0.065
-0.014
-0.022
-0.028
-0.089
-0.145
-0.138
-0.099
-0.030
0.027
0.087
0.118
0.117
0.085
0.072
0.089
-0.036
-0.103
-0.121
-0.102
-0.063
-0.046
-0.039
-0.011
0.070
0.134
0.085
0.040
-0.001
-0.039
-0.050
-0.041
-0.027
-0.051
-0.062
-0.005
0.076
0.125
0.112
0.058
0.046
-0.002
-0.106
-0.122
-0.118
-0.092
-0.052
-0.010
0.038
0.123
0.148
0.111
0.128
0.053
-0.059
-0.122
-0.104
-0.106
-0.107
-0.116
-0.084
0.064
0.179
0.177
0.097
0.032
0.055
0.033
-0.084
-0.151
-0.162
-0.109
-0.016
0.023
0.062
0.069
0.104
0.249
0.032
-0.073
-0.117
-0.108
-0.094
-0.055
-0.024
-0.012
0.043
0.109
0.146
0.129
0.017
-0.066
-0.107
-0.097
-0.099
-0.095
-0.052
-0.010
0.064
0.121
0.148
0.137
0.095
0.001
-0.115
-0.136
-0.127
-0.096
-0.060
-0.032
0.003
0.079
0.126
0.159
0.059
0.049
-0.046
-0.062
-0.086
-0.098
-0.084
-0.010
0.100
0.091
0.011
0.030
0.057
0.002
-0.069
-0.092
-0.067
-0.051
-0.018
0.022
0.058
0.137
0.073
0.006
-0.009
-0.010
-0.082
-0.079
-0.056
-0.051
-0.034
0.040
0.114
0.101
0.072
0.024
-0.056
-0.049
-0.032
-0.116
-0.070
-0.009
0.075
0.102
0.075
0.051
0.042
-0.054
-0.083
-0.061
-0.015
-0.012
-0.054
-0.035
0.063
0.120
0.096
0.006
-0.026
-0.037
-0.065
-0.069
-0.097
-0.071
0.036
0.103
0.103
0.049
-0.002
0.006
0.011
-0.025
-0.066
-0.068
-0.046
0.021
0.042
0.082
0.070
-0.043
-0.094
-0.074
0.000
0.045
0.023
0.009
0.000
0.054
0.099
0.048
-0.039
-0.095
-0.111
-0.091
0.004
0.069
0.111
0.077
0.016
-0.002
-0.003
-0.019
-0.025
-0.079
-0.088
-0.023
0.047
0.094
0.076
0.005
-0.019
-0.022
-0.042
-0.088
-0.072
0.026
0.041
0.062
0.059
0.071
0.028
-0.037
-0.095
-0.055
-0.011
-0.005
0.001
0.014
0.030
0.055
-0.008
-0.040
-0.028
-0.019
-0.013
-0.020
0.004
0.098
0.048
0.010
-0.008
0.005
-0.065
-0.119
-0.062
0.073
0.078
0.018
0.020
0.042
0.018
0.018
-0.006
0.006
-0.031
0.015
-0.035
-0.004
0.004
0.026
-0.024
-0.050
-0.039
-0.027
-0.002
0.054
0.068
0.070
0.028
-0.005
-0.047
-0.100
-0.076
-0.002
0.026
0.034
0.021
0.045
-0.002
-0.007
0.036
0.011
-0.051
-0.091
-0.069
0.062
0.129
0.035
-0.040
-0.055
-0.021
-0.008
0.006
-0.004
-0.037
-0.016
0.052
0.092
0.048
0.017
-0.058
-0.041
-0.007
-0.006
-0.026
-0.036
0.000
0.032
0.027
0.024
-0.010
-0.003
0.043
-0.011
-0.019
-0.011
-0.003
-0.024
0.006
-0.005
0.017
-0.001
-0.001
-0.024
-0.003
0.015
0.035
0.036
-0.006
-0.053
-0.071
0.000
0.067
0.048
-0.029
-0.031
0.008
0.013
-0.038
-0.043
0.049
0.031
-0.008
0.007
0.034
0.027
0.014
-0.024
-0.034
-0.089
-0.039
0.008
0.024
0.027
0.035
0.022
-0.006
0.035
0.069
-0.022
-0.072
-0.047
-0.030
-0.037
-0.004
0.017
0.042
0.048
0.037
0.033
0.021
-0.039
-0.034
-0.082
-0.055
-0.051
-0.007
0.085
0.059
0.028
0.022
-0.008
-0.023
-0.071
-0.077
-0.039
0.077
0.059
0.058
0.005
0.012
0.028
-0.025
-0.022
-0.001
0.006
-0.007
-0.039
-0.015
0.004
0.043
0.007
0.002
-0.004
-0.012
-0.023
0.009
-0.016
-0.021
-0.002
0.047
0.059
0.050
-0.027
-0.051
-0.039
-0.058
-0.050
-0.003
0.045
0.092
0.016
-0.009
0.021
0.001
-0.015
-0.026
-0.029
-0.002
0.041
0.055
-0.013
-0.055
-0.074
-0.025
0.049
0.021
0.036
0.036
-0.018
-0.037
-0.017
0.009
0.068
-0.032
-0.061
0.001
0.044
0.010
-0.077
-0.087
0.005
0.093
0.013
-0.011
0.006
0.038
0.063
0.055
-0.053
-0.129
-0.091
0.045
0.068
0.037
0.000
0.010
0.001
0.037
0.014
-0.027
-0.064
-0.052
-0.017
0.079
0.042
0.031
0.006
-0.018
-0.041
-0.023
-0.044
-0.014
-0.043
0.002
0.024
0.063
0.052
0.005
-0.037
-0.024
0.010
0.019
-0.058
-0.001
0.015
0.035
0.060
-0.026
-0.070
-0.051
-0.025
0.044
0.075
0.004
-0.021
-0.005
0.045
0.028
-0.034
-0.048
0.001
0.010
-0.015
-0.009
-0.004
0.018
0.022
0.019
0.026
-0.018
-0.022
0.010
0.011
-0.008
-0.010
0.007
0.010
-0.008
0.019
0.007
-0.019
-0.035
0.012
0.043
0.028
-0.004
-0.054
0.026
0.022
0.033
-0.012
-0.065
-0.013
0.020
0.013
0.040
0.020
-0.037
-0.022
-0.015
0.015
0.020
-0.016
-0.026
0.037
0.018
-0.038
-0.045
-0.017
0.056
0.045
0.026
-0.028
-0.039
-0.026
-0.058
-0.019
0.177
0.053
-0.048
-0.105
-0.069
0.047
0.101
0.017
-0.032
-0.030
-0.010
0.004
0.068
-0.004
-0.040
-0.008
-0.031
-0.028
0.028
0.024
-0.022
0.018
0.052
0.030
0.013
-0.060
-0.042
0.002
0.016
0.019
0.004
-0.004
-0.022
0.008
0.026
0.026
-0.044
-0.074
0.026
0.074
-0.038
-0.041
0.005
0.021
0.015
0.029
0.009
-0.025
-0.027
0.021
0.051
-0.011
-0.049
-0.026
0.004
0.006
0.037
-0.016
-0.046
0.006
0.046
0.051
-0.013
-0.036
-0.024
-0.013
0.013
0.040
0.032
-0.020
-0.051
-0.036
0.022
-0.008
-0.035
-0.019
0.055
0.141
0.062
-0.057
-0.120
-0.104
-0.058
0.035
0.093
0.089
0.031
-0.049
-0.082
-0.048
-0.031
-0.065
0.026
0.137
0.174
0.079
-0.061
-0.108
-0.115
-0.078
0.003
0.074
0.083
0.077
0.001
-0.037
-0.055
-0.070
-0.042
0.029
0.102
0.113
0.014
-0.032
-0.091
-0.076
-0.026
0.031
0.041
0.054
0.028
-0.016
-0.033
0.016
0.005
-0.046
-0.029
0.045
0.038
-0.002
-0.018
-0.028
0.033
0.024
-0.008
-0.030
-0.002
0.004
0.001
0.044
0.036
-0.015
-0.066
-0.053
-0.023
0.034
0.039
-0.010
0.037
0.020
-0.009
-0.001
-0.017
-0.021
-0.023
-0.039
-0.022
-0.031
0.002
0.078
0.121
0.002
-0.042
-0.069
-0.024
0.004
-0.013
-0.002
0.010
0.046
0.024
0.027
-0.024
-0.063
-0.051
0.027
0.053
-0.001
-0.029
-0.033
0.014
0.053
0.090
-0.033
-0.075
-0.050
0.013
0.018
0.029
0.009
0.015
-0.003
-0.014
-0.017
-0.014
-0.004
-0.012
-0.007
0.016
-0.015
-0.022
0.036
0.028
-0.008
-0.035
-0.031
-0.015
-0.018
0.035
0.092
0.013
-0.004
-0.057
-0.042
-0.018
0.035
0.061
0.072
0.009
-0.097
-0.087
-0.007
0.026
0.060
0.069
-0.022
-0.045
-0.060
-0.008
0.022
0.046
-0.009
-0.031
0.026
0.044
0.001
-0.028
-0.018
0.022
0.013
-0.013
-0.030
-0.044
-0.058
0.052
0.105
0.030
-0.001
-0.046
-0.048
0.029
0.049
0.040
-0.028
-0.041
-0.008
0.001
-0.019
-0.008
-0.013
0.004
0.001
-0.004
0.005
-0.022
-0.030
0.068
-0.011
-0.075
-0.022
0.088
0.062
0.003
-0.039
-0.057
0.008
0.067
0.034
-0.031
-0.059
-0.041
-0.037
0.033
0.073
0.031
0.019
-0.018
-0.044
-0.031
-0.026
0.108
0.028
-0.047
-0.054
-0.012
0.030
0.013
0.020
0.019
-0.017
-0.034
-0.020
0.003
-0.015
-0.026
0.013
0.067
0.008
0.006
-0.026
-0.038
-0.003
0.012
0.014
-0.007
0.012
-0.017
-0.013
0.013
-0.015
-0.010
0.015
0.072
0.008
-0.052
-0.067
-0.004
0.076
0.072
-0.020
-0.046
-0.080
-0.047
0.052
0.101
0.085
-0.006
-0.034
-0.053
-0.051
-0.040
0.008
0.066
0.090
0.004
-0.084
-0.066
0.013
0.030
0.028
0.022
-0.026
-0.020
-0.012
0.000
0.009
0.030
0.017
-0.036
-0.010
0.001
-0.005
0.008
0.002
-0.011
-0.008
0.019
0.025
-0.004
-0.026
-0.012
-0.007
0.004
0.002
0.006
0.059
-0.051
-0.030
0.008
0.009
-0.002
0.022
0.051
0.013
-0.082
-0.088
-0.012
0.024
0.038
0.058
0.066
-0.019
-0.071
-0.024
0.017
0.007
-0.023
0.037
0.047
0.021
-0.028
-0.045
-0.031
0.012
0.044
0.019
0.029
0.027
0.012
-0.032
-0.061
-0.069
-0.027
0.087
0.058
-0.043
-0.035
0.010
0.013
-0.001
0.013
0.034
-0.003
0.002
-0.014
-0.063
-0.033
0.047
0.043
-0.007
-0.008
-0.003
-0.005
0.021
0.014
0.022
-0.006
-0.029
-0.033
-0.010
0.019
0.047
-0.009
-0.052
-0.029
0.052
0.049
-0.016
-0.046
-0.052
0.044
0.042
-0.002
-0.024
-0.026
0.002
0.021
0.041
0.014
-0.043
-0.010
0.049
0.036
-0.041
-0.073
-0.027
0.035
0.015
0.044
0.027
-0.049
-0.085
-0.019
0.102
0.115
-0.015
-0.061
-0.055
-0.011
-0.006
-0.003
0.008
0.035
0.011
-0.070
-0.024
0.071
0.050
-0.013
-0.034
-0.014
0.026
0.010
-0.011
0.021
-0.008
-0.024
-0.040
0.012
0.003
0.029
0.015
0.005
-0.050
-0.021
-0.002
0.045
0.067
0.028
-0.019
-0.022
-0.004
-0.021
0.000
-0.004
-0.020
-0.050
-0.028
0.033
0.008
0.010
0.017
0.036
-0.001
0.015
-0.001
0.030
-0.013
-0.040
-0.003
-0.018
-0.006
0.004
-0.021
-0.004
0.011
0.036
0.040
0.023
-0.024
-0.034
-0.018
-0.027
-0.031
0.010
0.087
0.076
-0.020
-0.066
-0.067
-0.017
0.013
0.029
-0.006
-0.005
0.018
0.032
0.050
-0.002
-0.027
-0.012
-0.044
-0.032
-0.044
0.010
0.016
0.022
0.009
0.014
0.048
0.030
0.009
-0.055
-0.070
-0.026
0.068
0.058
-0.020
-0.063
-0.058
0.035
0.051
0.034
0.007
-0.001
0.001
-0.005
-0.036
-0.038
-0.034
0.032
0.032
0.035
0.003
0.022
-0.014
-0.019
-0.009
-0.049
-0.037
0.002
0.009
0.003
0.066
0.053
0.029
-0.022
-0.025
-0.002
-0.002
-0.030
-0.049
-0.047
0.030
0.031
0.005
-0.008
-0.003
0.047
0.071
-0.012
-0.048
-0.055
-0.006
0.008
-0.007
-0.002
-0.016
-0.009
0.043
0.061
0.039
-0.018
-0.043
-0.041
-0.027
-0.023
0.034
0.030
0.002
-0.039
-0.012
0.055
0.083
0.007
-0.079
-0.048
0.017
0.003
-0.026
-0.016
0.001
0.008
0.022
0.047
0.089
-0.005
-0.106
-0.097
-0.006
0.040
0.038
0.015
-0.018
0.018
0.063
0.065
-0.005
-0.067
-0.104
-0.045
0.035
0.030
0.020
0.023
0.027
0.022
-0.003
-0.016
-0.015
-0.038
-0.044
0.006
0.056
0.014
-0.020
-0.006
0.024
0.061
-0.023
-0.056
-0.015
-0.008
0.019
0.011
-0.006
0.002
0.004
0.018
0.000
-0.028
-0.006
0.014
0.005
-0.006
-0.012
0.004
0.015
-0.006
-0.021
0.024
0.051
0.041
-0.034
-0.110
-0.040
0.031
0.022
0.002
-0.008
-0.015
0.033
0.044
0.022
0.013
-0.018
-0.021
0.023
0.001
-0.033
-0.047
-0.024
0.018
0.009
0.015
0.028
0.024
-0.004
-0.051
-0.020
0.023
0.012
-0.024
-0.003
0.063
-0.015
0.002
0.023
-0.019
-0.053
-0.024
0.014
0.034
0.030
-0.035
-0.035
0.060
0.027
-0.024
-0.005
0.007
-0.007
-0.008
-0.038
-0.029
-0.025
0.041
0.063
0.002
-0.018
0.020
0.003
-0.018
-0.042
0.005
0.021
0.010
-0.016
-0.023
-0.015
0.007
0.017
0.049
0.011
-0.011
0.006
-0.015
0.006
0.006
-0.040
-0.038
-0.006
0.042
0.041
0.022
-0.048
-0.043
0.031
0.049
0.027
-0.052
-0.049
0.004
0.038
0.002
0.013
0.010
0.016
0.008
-0.007
-0.026
-0.005
0.019
-0.020
-0.027
0.017
0.017
0.011
-0.002
-0.036
-0.020
0.024
0.066
-0.024
-0.064
-0.052
-0.005
0.060
0.053
0.020
0.019
-0.018
-0.034
0.013
0.013
-0.051
-0.012
-0.012
0.027
-0.006
0.032
0.012
0.002
-0.014
-0.032
-0.023
0.038
-0.004
-0.033
-0.037
0.005
0.025
0.025
0.076
0.019
-0.050
-0.081
-0.020
0.072
0.052
0.004
-0.014
-0.033
0.012
-0.033
-0.054
-0.002
0.056
0.057
-0.002
-0.024
0.032
0.046
-0.013
-0.052
-0.063
0.007
0.037
-0.002
-0.004
0.051
-0.004
-0.058
-0.023
0.040
0.058
0.005
-0.048
-0.063
0.001
0.085
0.028
-0.019
-0.056
-0.052
-0.001
0.101
0.077
-0.041
-0.091
-0.041
0.025
0.040
0.039
0.002
-0.018
0.005
-0.012
0.000
0.014
-0.033
-0.022
-0.002
-0.004
0.020
0.041
0.026
-0.016
-0.048
-0.029
0.006
0.023
-0.019
-0.001
-0.007
-0.009
0.046
0.045
0.005
-0.062
-0.056
0.024
0.028
0.017
-0.010
-0.012
0.024
0.027
0.031
-0.040
-0.059
-0.021
0.027
0.027
-0.042
0.045
0.061
0.021
-0.035
-0.033
0.011
0.028
-0.046
-0.041
0.006
0.000
-0.017
0.018
0.035
0.036
0.034
-0.005
-0.035
-0.035
0.000
0.022
0.000
-0.032
-0.035
-0.010
0.029
0.025
0.020
0.012
-0.048
-0.026
0.069
0.069
-0.006
-0.049
-0.061
-0.033
0.040
0.057
-0.012
-0.037
-0.015
-0.004
0.002
0.017
0.011
0.033
0.036
-0.029
-0.037
-0.013
0.022
0.010
-0.047
-0.052
0.055
0.098
-0.015
-0.079
-0.047
0.017
0.058
0.042
0.016
-0.037
-0.052
-0.022
0.035
0.077
0.028
-0.045
-0.083
-0.033
0.003
0.037
0.056
-0.026
-0.020
0.019
0.036
0.013
-0.030
-0.050
-0.019
0.052
0.035
-0.012
-0.035
-0.022
-0.001
0.004
0.008
0.010
0.003
0.004
-0.006
0.011
0.019
0.005
-0.014
0.006
-0.039
-0.036
-0.008
0.013
0.061
0.011
-0.027
-0.024
-0.011
-0.002
0.022
0.004
-0.002
0.021
-0.008
-0.018
0.014
0.019
-0.028
-0.050
0.000
0.108
0.016
-0.052
-0.040
0.004
0.011
0.010
-0.007
0.004
-0.029
-0.025
0.003
0.036
0.019
0.017
0.000
-0.029
-0.041
0.035
0.007
-0.009
0.041
-0.002
-0.052
-0.004
0.054
0.047
-0.033
-0.048
0.006
0.033
-0.015
-0.061
-0.003
0.036
0.044
0.013
-0.052
-0.029
0.038
0.057
-0.003
-0.049
-0.002
0.008
-0.040
-0.018
0.044
0.013
-0.008
-0.019
0.012
-0.002
0.018
0.012
-0.008
-0.023
0.008
-0.003
0.024
-0.032
-0.061
0.003
0.045
0.047
0.013
-0.010
-0.019
-0.066
-0.018
0.026
0.092
0.041
-0.072
-0.070
0.010
0.086
0.042
-0.036
-0.071
-0.048
0.000
0.050
0.067
-0.013
-0.048
-0.022
0.038
0.073
0.014
-0.061
-0.067
-0.020
0.041
0.052
0.013
-0.039
-0.052
-0.009
0.054
0.030
0.007
-0.011
-0.066
-0.010
0.031
0.017
0.018
0.002
-0.048
-0.014
0.025
0.029
-0.021
-0.057
0.018
0.058
0.026
-0.006
-0.010
-0.018
-0.027
0.014
-0.004
-0.015
0.016
0.001
0.010
-0.016
0.019
0.035
-0.002
-0.019
-0.006
0.012
-0.003
-0.008
-0.025
-0.020
0.043
0.021
-0.018
-0.039
-0.034
0.026
0.028
0.021
0.021
0.002
-0.014
0.002
0.007
-0.015
-0.039
-0.017
0.017
-0.009
-0.023
0.010
-0.001
0.043
0.008
0.015
-0.005
0.034
0.015
-0.058
-0.046
-0.007
0.020
0.027
0.003
0.007
0.005
0.017
0.010
-0.011
0.004
-0.011
-0.050
-0.054
-0.001
0.084
0.073
-0.039
-0.050
-0.037
0.031
0.044
0.024
-0.039
-0.074
-0.003
0.049
0.053
0.013
-0.009
-0.023
-0.006
-0.012
0.002
-0.004
-0.007
-0.006
0.001
-0.006
0.033
0.041
-0.006
-0.028
-0.001
-0.013
-0.010
-0.021
-0.002
-0.016
-0.023
0.007
0.061
0.049
0.022
-0.042
-0.045
-0.028
0.001
0.018
-0.013
0.001
0.009
0.046
0.079
0.015
-0.065
-0.076
0.007
0.015
0.029
0.008
-0.014
-0.007
-0.003
-0.002
-0.005
-0.013
-0.005
0.011
0.035
-0.006
-0.044
0.000
0.050
0.021
-0.014
-0.024
-0.003
0.007
-0.003
0.003
0.011
-0.002
-0.007
0.022
0.022
-0.012
-0.015
-0.025
0.003
-0.009
-0.023
-0.002
-0.006
0.002
0.031
0.017
0.006
-0.001
0.028
-0.036
-0.057
-0.020
0.016
0.042
0.032
-0.007
-0.023
-0.019
0.002
0.033
0.023
0.015
-0.032
-0.024
-0.055
0.009
0.036
0.031
0.010
0.014
-0.032
-0.042
-0.034
0.000
0.063
0.063
-0.008
-0.062
-0.050
0.019
0.066
0.032
-0.015
-0.046
-0.034
0.028
0.054
0.005
-0.026
-0.039
-0.024
-0.004
0.052
0.040
-0.008
-0.052
-0.012
-0.008
0.001
-0.004
0.003
0.002
0.029
0.004
-0.009
0.004
0.020
0.049
0.002
-0.034
-0.033
-0.015
-0.009
0.037
0.043
0.001
-0.014
-0.029
-0.031
-0.009
-0.009
0.019
0.023
0.009
0.011
-0.004
-0.011
-0.018
-0.029
0.046
0.054
-0.035
-0.023
-0.001
0.000
0.002
0.010
0.013
-0.006
-0.024
-0.009
0.013
0.024
-0.010
0.002
-0.006
-0.004
-0.004
-0.009
-0.022
-0.045
-0.028
0.055
0.092
0.032
-0.047
-0.045
0.001
0.016
0.037
-0.004
-0.044
-0.058
-0.006
0.036
0.054
0.004
-0.031
-0.018
0.031
0.075
-0.005
-0.050
-0.034
-0.001
0.028
0.012
0.016
-0.029
-0.034
-0.010
-0.006
0.007
-0.012
0.015
0.010
-0.029
-0.027
0.009
0.084
0.051
0.004
-0.041
-0.054
-0.022
0.028
0.034
0.014
-0.021
-0.036
-0.006
0.037
0.022
-0.029
-0.039
-0.006
0.015
0.017
-0.008
-0.003
0.012
-0.010
0.016
0.031
0.005
-0.023
-0.017
-0.031
0.039
0.042
-0.011
-0.042
-0.004
0.024
0.008
-0.022
-0.051
0.006
0.031
0.008
0.033
-0.003
0.001
0.058
-0.020
-0.030
-0.039
-0.045
0.002
0.037
0.026
0.011
0.002
0.000
-0.004
-0.040
-0.037
-0.004
0.045
0.035
-0.033
-0.027
0.007
0.022
0.042
-0.007
-0.010
-0.012
0.005
0.009
0.000
0.008
-0.030
-0.037
-0.007
0.034
0.015
-0.020
-0.022
-0.004
0.039
0.046
-0.002
-0.028
-0.007
-0.030
0.005
0.073
0.027
-0.057
-0.058
0.024
0.039
-0.016
-0.030
-0.019
0.026
0.062
0.024
-0.029
-0.032
-0.008
-0.012
0.014
0.013
0.007
0.004
-0.002
0.002
0.004
0.018
-0.008
-0.023
-0.038
-0.023
0.024
0.044
0.045
0.007
-0.036
-0.021
-0.024
0.049
0.017
-0.056
-0.036
0.045
0.069
0.011
-0.025
-0.041
-0.034
-0.035
0.029
0.050
0.024
-0.015
-0.034
0.002
-0.005
-0.014
-0.003
-0.002
0.013
0.025
0.011
0.003
0.017
-0.025
-0.003
-0.021
-0.012
-0.027
-0.008
0.016
-0.011
0.007
0.027
0.051
-0.017
-0.019
-0.019
-0.014
0.037
0.009
0.010
0.011
-0.022
-0.084
-0.039
0.015
0.092
0.028
-0.023
-0.011
0.003
0.002
-0.026
0.006
0.045
-0.023
-0.029
0.018
0.022
0.062
-0.027
-0.080
-0.054
0.017
0.029
0.022
-0.017
0.000
0.035
0.061
-0.022
-0.059
-0.036
0.008
0.010
0.018
0.067
0.021
-0.055
-0.043
-0.002
0.002
-0.009
0.013
0.004
0.004
0.007
0.039
-0.007
-0.032
-0.007
 -----------------------------------------------------------

     WAVE HEIGHTS H(I)

   0.366      0.341      0.289      0.285      0.284      0.282      0.270      0.261      0.257      0.253
   0.250      0.247      0.239      0.230      0.219      0.217      0.210      0.204      0.202      0.198
   0.196      0.195      0.192      0.192      0.192      0.190      0.185      0.184      0.183      0.182
   0.180      0.177      0.176      0.176      0.175      0.174      0.174      0.173      0.170      0.170
   0.169      0.169      0.169      0.166      0.165      0.165      0.164      0.164      0.163      0.163
   0.162      0.162      0.162      0.161      0.161      0.160      0.160      0.159      0.157      0.157
   0.156      0.155      0.154      0.154      0.152      0.150      0.149      0.149      0.148      0.148
   0.146      0.145      0.143      0.142      0.142      0.141      0.140      0.140      0.140      0.139
   0.139      0.139      0.139      0.138      0.138      0.138      0.137      0.137      0.136      0.134
   0.133      0.132      0.131      0.131      0.131      0.131      0.130      0.130      0.130      0.130
   0.130      0.129      0.129      0.129      0.129      0.128      0.128      0.127      0.126      0.126
   0.125      0.125      0.124      0.123      0.123      0.122      0.122      0.122      0.122      0.121
   0.121      0.120      0.120      0.119      0.119      0.118      0.118      0.118      0.118      0.117
   0.117      0.117      0.117      0.117      0.117      0.116      0.116      0.116      0.115      0.115
   0.115      0.115      0.115      0.114      0.114      0.114      0.114      0.113      0.113      0.113
   0.113      0.113      0.112      0.112      0.111      0.110      0.110      0.110      0.110      0.110
   0.110      0.110      0.109      0.109      0.109      0.109      0.109      0.109      0.108      0.108
   0.108      0.108      0.108      0.107      0.107      0.107      0.106      0.106      0.106      0.106
   0.105      0.105      0.105      0.105      0.105      0.105      0.105      0.104      0.104      0.104
   0.104      0.104      0.104      0.104      0.103      0.103      0.103      0.102      0.102      0.101
   0.101      0.101      0.101      0.101      0.100      0.100      0.100      0.100      0.100      0.100
   0.100      0.100      0.100      0.099      0.099      0.099      0.099      0.098      0.098      0.097
   0.097      0.097      0.097      0.097      0.097      0.097      0.097      0.097      0.097      0.097
   0.096      0.096      0.096      0.096      0.096      0.095      0.095      0.095      0.095      0.095
   0.095      0.094      0.094      0.094      0.094      0.094      0.094      0.094      0.094      0.093
   0.093      0.093      0.093      0.093      0.092      0.092      0.092      0.092      0.092      0.092
   0.092      0.092      0.092      0.092      0.091      0.091      0.091      0.090      0.090      0.090
   0.090      0.090      0.090      0.090      0.090      0.090      0.090      0.089      0.089      0.089
   0.089      0.089      0.089      0.089      0.089      0.088      0.088      0.088      0.088      0.088
   0.088      0.088      0.087      0.087      0.087      0.087      0.087      0.087      0.086      0.086
   0.086      0.086      0.086      0.086      0.085      0.085      0.085      0.085      0.085      0.085
   0.084      0.084      0.084      0.084      0.084      0.084      0.084      0.084      0.084      0.084
   0.084      0.084      0.084      0.083      0.083      0.083      0.083      0.083      0.082      0.082
   0.082      0.082      0.082      0.082      0.082      0.082      0.082      0.082      0.081      0.081
   0.081      0.081      0.080      0.080      0.080      0.080      0.080      0.080      0.079      0.079
   0.079      0.079      0.079      0.079      0.079      0.079      0.079      0.079      0.078      0.078
   0.078      0.078      0.078      0.078      0.078      0.078      0.077      0.077      0.077      0.077
   0.077      0.077      0.077      0.077      0.076      0.076      0.076      0.076      0.076      0.076
   0.076      0.076      0.076      0.076      0.076      0.076      0.075      0.075      0.075      0.074
   0.074      0.074      0.074      0.074      0.074      0.074      0.074      0.074      0.074      0.074
   0.074      0.074      0.073      0.073      0.073      0.073      0.073      0.073      0.073      0.072
   0.072      0.072      0.072      0.072      0.072      0.071      0.071      0.071      0.071      0.071
   0.071      0.071      0.070      0.070      0.070      0.070      0.070      0.070      0.070      0.070
   0.070      0.070      0.070      0.069      0.069      0.069      0.069      0.069      0.069      0.069
   0.069      0.069      0.068      0.068      0.068      0.068      0.068      0.068      0.068      0.068
   0.068      0.067      0.067      0.067      0.067      0.067      0.067      0.066      0.066      0.066
   0.066      0.066      0.066      0.066      0.065      0.065      0.065      0.065      0.065      0.065
   0.065      0.064      0.064      0.064      0.064      0.064      0.064      0.064      0.064      0.064
   0.064      0.064      0.063      0.063      0.063      0.063      0.063      0.063      0.063      0.063
   0.063      0.062      0.062      0.062      0.062      0.062      0.062      0.062      0.062      0.062
   0.062      0.062      0.062      0.061      0.061      0.061      0.061      0.061      0.061      0.061
   0.061      0.060      0.060      0.060      0.059      0.059      0.059      0.059      0.058      0.058
   0.058      0.058      0.058      0.057      0.057      0.057      0.056      0.056      0.056      0.056
   0.056      0.055      0.055      0.055      0.055      0.055      0.055      0.055      0.054      0.054
   0.054      0.053      0.053      0.053      0.053      0.053      0.053      0.052      0.052      0.052
   0.052      0.052      0.051      0.051      0.051      0.051      0.051      0.051      0.051      0.050
   0.050      0.050      0.050      0.050      0.049      0.048      0.048      0.048      0.048      0.048
   0.048      0.048      0.047      0.047      0.047      0.047      0.047      0.047      0.047      0.047
   0.047      0.047      0.046      0.046      0.046      0.046      0.046      0.046      0.046      0.046
   0.046      0.046      0.046      0.046      0.046      0.046      0.045      0.045      0.045      0.045
   0.045      0.044      0.044      0.044      0.044      0.043      0.043      0.043      0.043      0.043
   0.043      0.043      0.043      0.042      0.042      0.042      0.042      0.041      0.041      0.041
   0.041      0.041      0.041      0.041      0.041      0.041      0.040      0.040      0.040      0.040
   0.039      0.039      0.039      0.039      0.039      0.039      0.039      0.038      0.038      0.038
   0.038      0.038      0.038      0.037      0.037      0.037      0.037      0.037      0.037      0.037
   0.037      0.037      0.036      0.036      0.036      0.035      0.035      0.035      0.035      0.034
   0.034      0.034      0.034      0.034      0.034      0.034      0.033      0.033      0.033      0.033
   0.033      0.032      0.032      0.032      0.032      0.032      0.031      0.031      0.031      0.031
   0.031      0.031      0.030      0.030      0.029      0.029      0.029      0.028      0.028      0.028
   0.027      0.027      0.027      0.027      0.027      0.026      0.026      0.026      0.025      0.025
   0.025      0.024      0.024      0.024      0.024      0.024      0.023      0.023      0.023      0.022
   0.022      0.021      0.021      0.021      0.021      0.020      0.020      0.019      0.019      0.019
   0.018      0.017      0.016      0.016      0.016      0.015      0.014      0.011      0.011      0.010
   0.009      0.008      0.007      0.005

     WAVE HEIGHT STATISTICS

          Mean =    0.085   Variance =    0.002   Standard Deviation =    0.048   RMS =    0.098
          Skewness =      0.00   Kurtosis =      0.00   Coeff. of Skewness =    1.601   Coeff. of Kurtosis =    4.465
          Significant Waveheight H(1/3) =    0.000000

     WAVE PERIODS T(I)

   3.045      3.045      3.045      2.842      2.639      2.639      2.639      2.436      2.436      2.436
   2.436      2.436      2.436      2.436      2.436      2.436      2.436      2.436      2.436      2.436
   2.233      2.233      2.233      2.233      2.233      2.233      2.233      2.233      2.030      2.030
   2.030      2.030      2.030      2.030      2.030      2.030      2.030      1.827      1.827      1.827
   1.827      1.827      1.827      1.827      1.827      1.827      1.827      1.827      1.624      1.624
   1.624      1.624      1.624      1.624      1.624      1.624      1.624      1.624      1.624      1.624
   1.624      1.624      1.624      1.624      1.624      1.624      1.624      1.624      1.624      1.624
   1.624      1.624      1.624      1.624      1.624      1.421      1.421      1.421      1.421      1.421
   1.421      1.421      1.421      1.421      1.421      1.421      1.421      1.421      1.421      1.421
   1.421      1.421      1.421      1.421      1.421      1.421      1.421      1.421      1.421      1.421
   1.421      1.421      1.421      1.421      1.421      1.421      1.421      1.421      1.421      1.421
   1.421      1.421      1.421      1.421      1.421      1.421      1.421      1.421      1.421      1.421
   1.421      1.421      1.421      1.421      1.421      1.421      1.421      1.421      1.421      1.421
   1.421      1.421      1.421      1.421      1.421      1.421      1.421      1.421      1.421      1.421
   1.421      1.421      1.421      1.421      1.421      1.421      1.421      1.218      1.218      1.218
   1.218      1.218      1.218      1.218      1.218      1.218      1.218      1.218      1.218      1.218
   1.218      1.218      1.218      1.218      1.218      1.218      1.218      1.218      1.218      1.218
   1.218      1.218      1.218      1.218      1.218      1.218      1.218      1.218      1.218      1.218
   1.218      1.218      1.218      1.218      1.218      1.218      1.218      1.218      1.218      1.218
   1.218      1.218      1.218      1.218      1.218      1.218      1.218      1.218      1.218      1.218
   1.218      1.218      1.218      1.218      1.218      1.218      1.218      1.218      1.218      1.218
   1.218      1.218      1.218      1.218      1.218      1.218      1.218      1.218      1.218      1.218
   1.218      1.218      1.218      1.218      1.218      1.218      1.218      1.218      1.218      1.218
   1.218      1.218      1.218      1.218      1.218      1.218      1.218      1.218      1.218      1.218
   1.218      1.218      1.218      1.218      1.218      1.218      1.218      1.218      1.218      1.218
   1.218      1.218      1.218      1.218      1.218      1.218      1.218      1.218      1.218      1.218
   1.218      1.218      1.218      1.218      1.218      1.218      1.218      1.218      1.218      1.218
   1.218      1.218      1.218      1.218      1.218      1.218      1.218      1.218      1.218      1.218
   1.218      1.218      1.218      1.218      1.218      1.218      1.218      1.218      1.218      1.015
   1.015      1.015      1.015      1.015      1.015      1.015      1.015      1.015      1.015      1.015
   1.015      1.015      1.015      1.015      1.015      1.015      1.015      1.015      1.015      1.015
   1.015      1.015      1.015      1.015      1.015      1.015      1.015      1.015      1.015      1.015
   1.015      1.015      1.015      1.015      1.015      1.015      1.015      1.015      1.015      1.015
   1.015      1.015      1.015      1.015      1.015      1.015      1.015      1.015      1.015      1.015
   1.015      1.015      1.015      1.015      1.015      1.015      1.015      1.015      1.015      1.015
   1.015      1.015      1.015      1.015      1.015      1.015      1.015      1.015      1.015      1.015
   1.015      1.015      1.015      1.015      1.015      1.015      1.015      1.015      1.015      1.015
   1.015      1.015      1.015      1.015      1.015      1.015      1.015      1.015      1.015      1.015
   1.015      1.015      1.015      1.015      1.015      1.015      1.015      1.015      1.015      1.015
   1.015      1.015      1.015      1.015      1.015      1.015      1.015      1.015      1.015      1.015
   1.015      1.015      1.015      1.015      1.015      1.015      1.015      1.015      1.015      1.015
   1.015      1.015      1.015      1.015      1.015      1.015      1.015      1.015      1.015      1.015
   1.015      1.015      1.015      1.015      1.015      1.015      1.015      1.015      1.015      1.015
   1.015      1.015      1.015      1.015      1.015      1.015      1.015      1.015      1.015      1.015
   1.015      1.015      1.015      1.015      1.015      1.015      1.015      1.015      1.015      1.015
   1.015      1.015      1.015      1.015      1.015      1.015      1.015      1.015      1.015      1.015
   1.015      1.015      1.015      1.015      1.015      1.015      1.015      1.015      1.015      1.015
   1.015      1.015      1.015      1.015      1.015      1.015      1.015      1.015      1.015      1.015
   1.015      1.015      1.015      1.015      1.015      1.015      1.015      1.015      1.015      1.015
   1.015      1.015      0.812      0.812      0.812      0.812      0.812      0.812      0.812      0.812
   0.812      0.812      0.812      0.812      0.812      0.812      0.812      0.812      0.812      0.812
   0.812      0.812      0.812      0.812      0.812      0.812      0.812      0.812      0.812      0.812
   0.812      0.812      0.812      0.812      0.812      0.812      0.812      0.812      0.812      0.812
   0.812      0.812      0.812      0.812      0.812      0.812      0.812      0.812      0.812      0.812
   0.812      0.812      0.812      0.812      0.812      0.812      0.812      0.812      0.812      0.812
   0.812      0.812      0.812      0.812      0.812      0.812      0.812      0.812      0.812      0.812
   0.812      0.812      0.812      0.812      0.812      0.812      0.812      0.812      0.812      0.812
   0.812      0.812      0.812      0.812      0.812      0.812      0.812      0.812      0.812      0.812
   0.812      0.812      0.812      0.812      0.812      0.812      0.812      0.812      0.812      0.812
   0.812      0.812      0.812      0.812      0.812      0.812      0.812      0.812      0.812      0.812
   0.812      0.812      0.812      0.812      0.812      0.812      0.812      0.812      0.812      0.812
   0.812      0.812      0.812      0.812      0.812      0.812      0.812      0.812      0.812      0.812
   0.812      0.812      0.812      0.812      0.812      0.812      0.812      0.812      0.609      0.609
   0.609      0.609      0.609      0.609      0.609      0.609      0.609      0.609      0.609      0.609
   0.609      0.609      0.609      0.609      0.609      0.609      0.609      0.609      0.609      0.609
   0.609      0.609      0.609      0.609      0.609      0.609      0.609      0.609      0.609      0.609
   0.609      0.609      0.609      0.609      0.609      0.609      0.609      0.609      0.609      0.609
   0.609      0.609      0.609      0.609      0.609      0.609      0.609      0.609      0.609      0.609
   0.609      0.609      0.609      0.609      0.609      0.609      0.609      0.609      0.609      0.609
   0.609      0.609      0.609      0.609      0.609      0.609      0.406      0.406      0.406      0.406
   0.406      0.406      0.406      0.406      0.406      0.406      0.406      0.406      0.406      0.406
   0.406      0.406      0.406      0.406      0.406      0.406      0.406      0.406      0.406      0.406
   0.406      0.406      0.406      0.406      0.406      0.406      0.406      0.406      0.406      0.406
   0.406      0.406      0.406      0.406

     WAVE PERIOD STATISTICS

          Mean =    1.090   Variance =    0.181   Standard Deviation =    0.425   RMS =    1.170
          Skewness =      0.11   Kurtosis =      0.21   Coeff. of Skewness =    1.394   Coeff. of Kurtosis =    3.370

 ------------------------------------------------------------

